#"Step","Potential Energy (kJ/mole)","Temperature (K)","Density (g/mL)"
1000,58.4393643659,273.208316122,0.0153853111044
2000,33.3114544795,221.568634315,0.0153853111044
3000,45.2188879926,240.284290438,0.0153853111044
4000,39.7924897498,331.750553861,0.0153853111044
5000,60.0786128426,327.868350558,0.0153853111044
6000,58.0487974504,389.980138641,0.0153853111044
7000,69.1846184605,335.483201308,0.0153853111044
8000,55.2694590043,322.415692011,0.0153853111044
9000,56.8440356269,222.700744346,0.0153853111044
10000,58.6045440223,376.158954858,0.0153853111044
11000,41.4754622211,246.934806949,0.0153853111044
12000,49.2228505733,358.245607069,0.0153853111044
13000,41.6711890655,319.952430561,0.0153853111044
14000,60.5343331809,304.529434616,0.0153853111044
15000,41.4044631751,291.475009171,0.0153853111044
16000,63.2178960642,256.189842872,0.0153853111044
17000,48.042548206,265.497090713,0.0153853111044
18000,66.7261602806,197.470607195,0.0153853111044
19000,36.4585029583,380.066276558,0.0153853111044
20000,65.5687843511,311.127421707,0.0153853111044
21000,57.1703651912,356.853005229,0.0153853111044
22000,65.9685952716,305.642734799,0.0153853111044
23000,75.2010842304,272.081189326,0.0153853111044
24000,72.0814683553,402.372038085,0.0153853111044
25000,41.8810448827,328.868442411,0.0153853111044
26000,65.4525560397,274.834713626,0.0153853111044
27000,51.4961400315,310.388396352,0.0153853111044
28000,58.7645554532,430.549518169,0.0153853111044
29000,56.7092785354,232.913275798,0.0153853111044
30000,58.2510963245,246.353554344,0.0153853111044
31000,55.467912101,341.208101787,0.0153853111044
32000,47.7889281485,216.657133024,0.0153853111044
33000,52.2582369848,233.023407094,0.0153853111044
34000,44.7150526118,219.742854861,0.0153853111044
35000,35.2828178166,290.384209897,0.0153853111044
36000,49.8222772441,279.105116538,0.0153853111044
37000,51.656230265,287.191087563,0.0153853111044
38000,69.9508069494,320.155398838,0.0153853111044
39000,46.3910245052,257.696118797,0.0153853111044
40000,46.0435693213,414.660810984,0.0153853111044
41000,53.0643053377,264.927769574,0.0153853111044
42000,54.2447400955,348.644524244,0.0153853111044
43000,94.2553376237,281.093981475,0.0153853111044
44000,45.4458199236,440.578499122,0.0153853111044
45000,53.8686843099,283.13387137,0.0153853111044
46000,44.8856719323,238.079826068,0.0153853111044
47000,48.6781802314,288.67936748,0.0153853111044
48000,57.8034572287,298.04355068,0.0153853111044
49000,63.7568642679,340.877449006,0.0153853111044
50000,50.4994308588,305.122315448,0.0153853111044
51000,60.180795443,256.161338331,0.0153853111044
52000,45.4835236096,267.021498225,0.0153853111044
53000,47.657533055,214.210367305,0.0153853111044
54000,76.5017659693,282.635592981,0.0153853111044
55000,55.096122851,326.174470374,0.0153853111044
56000,64.901819409,339.329412532,0.0153853111044
57000,56.685934911,341.17116721,0.0153853111044
58000,44.3865152758,286.596728777,0.0153853111044
59000,65.5175324873,194.176189656,0.0153853111044
60000,63.0233685074,191.034319663,0.0153853111044
61000,44.5061698749,176.934950641,0.0153853111044
62000,45.6279695388,287.084308581,0.0153853111044
63000,50.8889661941,321.08737977,0.0153853111044
64000,51.7741108233,203.944182523,0.0153853111044
65000,59.5806580521,270.675150763,0.0153853111044
66000,42.7479003192,307.340022189,0.0153853111044
67000,47.9305482657,300.645343353,0.0153853111044
68000,74.1120194696,358.331827349,0.0153853111044
69000,66.2141192936,405.391401577,0.0153853111044
70000,54.3619021007,342.540935308,0.0153853111044
71000,95.4710879826,295.781509825,0.0153853111044
72000,38.7046771261,260.471081864,0.0153853111044
73000,64.9979408807,257.660110549,0.0153853111044
74000,68.7708841816,329.942264886,0.0153853111044
75000,43.4974542289,215.570550633,0.0153853111044
76000,57.6195286872,277.60665627,0.0153853111044
77000,105.733535007,309.49855244,0.0153853111044
78000,37.0972845171,371.146088583,0.0153853111044
79000,39.4349573627,244.64247459,0.0153853111044
80000,61.7868931333,327.036379307,0.0153853111044
81000,45.2271049777,378.60123012,0.0153853111044
82000,61.7126379057,269.881486546,0.0153853111044
83000,62.408971433,406.575866947,0.0153853111044
84000,50.6864350924,342.243115741,0.0153853111044
85000,53.1892200597,192.329013318,0.0153853111044
86000,43.1187357106,285.51907508,0.0153853111044
87000,63.3478168721,314.060990637,0.0153853111044
88000,41.5479794631,262.380322206,0.0153853111044
89000,60.0768090888,260.136764303,0.0153853111044
90000,47.3594080717,395.049516096,0.0153853111044
91000,56.9344917349,256.342226809,0.0153853111044
92000,28.8266872435,232.060016206,0.0153853111044
93000,72.6702806968,439.273930617,0.0153853111044
94000,29.8743418642,357.789744301,0.0153853111044
95000,35.215110145,298.217061025,0.0153853111044
96000,59.7438545231,289.22657772,0.0153853111044
97000,70.0695137667,207.713177156,0.0153853111044
98000,51.9051044943,249.400979797,0.0153853111044
99000,63.2138491641,340.359920083,0.0153853111044
100000,56.4451688762,421.85188579,0.0153853111044
101000,33.219413989,238.406503292,0.0153853111044
102000,75.1979515411,233.68170986,0.0153853111044
103000,63.2944083473,404.15518449,0.0153853111044
104000,41.4768759308,309.741757367,0.0153853111044
105000,53.1830990214,343.04801059,0.0153853111044
106000,69.7534560273,264.336391437,0.0153853111044
107000,62.9070269486,317.173468004,0.0153853111044
108000,65.6753052376,341.124133496,0.0153853111044
109000,75.8181954355,330.535593802,0.0153853111044
110000,51.7592491372,382.181696742,0.0153853111044
111000,33.0243791376,424.002899525,0.0153853111044
112000,58.4432301182,235.661327196,0.0153853111044
113000,25.1099760551,333.926312261,0.0153853111044
114000,57.3352435814,394.201362477,0.0153853111044
115000,51.7289909136,310.602166293,0.0153853111044
116000,67.9459386932,293.611533684,0.0153853111044
117000,61.0024422111,310.327157232,0.0153853111044
118000,50.5435611759,220.783002735,0.0153853111044
119000,27.6621999696,283.32412354,0.0153853111044
120000,46.8460476404,336.771310458,0.0153853111044
121000,44.9068708006,259.062892224,0.0153853111044
122000,39.0720046923,250.375801132,0.0153853111044
123000,38.4623271301,238.501906444,0.0153853111044
124000,55.2502669892,320.882560964,0.0153853111044
125000,62.7496246503,340.605080859,0.0153853111044
126000,35.9678628036,349.579529475,0.0153853111044
127000,54.4822928908,232.491284887,0.0153853111044
128000,44.0379600925,190.325935384,0.0153853111044
129000,42.7731109701,299.685773507,0.0153853111044
130000,38.6052061664,244.178400462,0.0153853111044
131000,56.3456506375,235.747173368,0.0153853111044
132000,44.4555283055,247.226489672,0.0153853111044
133000,40.2756779312,214.567590083,0.0153853111044
134000,63.5711126295,310.070470288,0.0153853111044
135000,52.6809582398,322.786555504,0.0153853111044
136000,50.6996178687,424.729498172,0.0153853111044
137000,44.9877382018,250.395175877,0.0153853111044
138000,51.3327411162,166.350304612,0.0153853111044
139000,49.3268860331,231.405527341,0.0153853111044
140000,61.8968902625,279.827179395,0.0153853111044
141000,70.7565062452,282.716235932,0.0153853111044
142000,55.5435716347,328.706592417,0.0153853111044
143000,68.1266974245,374.333637033,0.0153853111044
144000,43.4920660155,365.663137978,0.0153853111044
145000,61.4296555853,264.160199156,0.0153853111044
146000,58.9141472392,249.14964851,0.0153853111044
147000,69.1961063124,295.648962136,0.0153853111044
148000,59.3921933144,375.585036707,0.0153853111044
149000,65.5524526549,232.607763051,0.0153853111044
150000,45.0997232693,296.473059028,0.0153853111044
151000,57.8700686125,262.740519516,0.0153853111044
152000,69.6939834044,258.066287729,0.0153853111044
153000,54.4327567521,320.985300188,0.0153853111044
154000,49.5395860315,253.616890955,0.0153853111044
155000,53.601576005,229.508275148,0.0153853111044
156000,67.8797503336,279.634253702,0.0153853111044
157000,56.3564304779,412.026916454,0.0153853111044
158000,66.1075257372,260.994275338,0.0153853111044
159000,63.8299561287,371.039453872,0.0153853111044
160000,48.0788240307,306.720804684,0.0153853111044
161000,52.2009690862,329.26327491,0.0153853111044
162000,42.1713538232,314.700219855,0.0153853111044
163000,69.8531953056,250.731111158,0.0153853111044
164000,53.0203016707,348.508392901,0.0153853111044
165000,32.9811551197,442.728620647,0.0153853111044
166000,45.8758271627,344.239862073,0.0153853111044
167000,46.275912838,438.200399927,0.0153853111044
168000,76.0932613468,227.463969105,0.0153853111044
169000,48.8636168065,248.050118023,0.0153853111044
170000,48.1735760888,306.023339862,0.0153853111044
171000,38.5244937512,314.971259528,0.0153853111044
172000,67.4761665208,320.931345731,0.0153853111044
173000,29.9222274746,322.918140113,0.0153853111044
174000,42.7083763325,384.624525933,0.0153853111044
175000,53.0568469203,245.709062443,0.0153853111044
176000,42.4363814537,298.183205571,0.0153853111044
177000,50.7355719431,320.507455237,0.0153853111044
178000,34.5072593606,311.805288623,0.0153853111044
179000,47.5500945347,221.358896648,0.0153853111044
180000,49.8606714961,319.604819426,0.0153853111044
181000,72.9165159424,304.896795534,0.0153853111044
182000,43.7663869107,288.433711793,0.0153853111044
183000,78.0952366768,388.664626453,0.0153853111044
184000,57.1289683218,364.93095656,0.0153853111044
185000,49.844146829,269.977492404,0.0153853111044
186000,52.4201573792,355.362542345,0.0153853111044
187000,63.1798858203,305.755683711,0.0153853111044
188000,50.7862966143,339.497829004,0.0153853111044
189000,38.6587568758,252.096030673,0.0153853111044
190000,59.254141298,261.567913119,0.0153853111044
191000,48.9434091777,255.21557197,0.0153853111044
192000,59.2024731054,273.145412247,0.0153853111044
193000,55.7022114878,314.667795675,0.0153853111044
194000,41.1684287304,301.439999679,0.0153853111044
195000,57.8993634692,386.761562486,0.0153853111044
196000,55.7502375725,305.397456232,0.0153853111044
197000,39.4318366533,262.646555148,0.0153853111044
198000,46.8089907843,333.158754248,0.0153853111044
199000,62.0800521846,299.56348104,0.0153853111044
200000,59.6058248523,374.323740805,0.0153853111044
201000,54.1964098613,383.847551711,0.0153853111044
202000,67.9335012776,301.450971923,0.0153853111044
203000,61.3753645971,289.260455541,0.0153853111044
204000,38.1658874887,230.725233542,0.0153853111044
205000,47.0592715846,198.740828747,0.0153853111044
206000,60.7248973319,275.884009953,0.0153853111044
207000,39.1842873049,311.893981698,0.0153853111044
208000,68.6970240283,325.761940292,0.0153853111044
209000,62.0727174483,280.021973755,0.0153853111044
210000,62.7263966069,210.718081596,0.0153853111044
211000,33.7460815218,454.940220052,0.0153853111044
212000,61.3906936608,246.151021879,0.0153853111044
213000,49.1260209454,280.252319626,0.0153853111044
214000,57.3798469325,322.054786915,0.0153853111044
215000,23.6799524005,324.992151311,0.0153853111044
216000,41.6746653481,318.765341712,0.0153853111044
217000,57.0096408164,416.942593192,0.0153853111044
218000,64.6246007716,271.083904527,0.0153853111044
219000,70.1687816846,325.267653328,0.0153853111044
220000,33.486179152,333.693170087,0.0153853111044
221000,36.5599874625,201.571575065,0.0153853111044
222000,46.6940380987,259.876370561,0.0153853111044
223000,43.2466245085,303.833234418,0.0153853111044
224000,55.1995645938,429.115860691,0.0153853111044
225000,63.7505734327,326.444945012,0.0153853111044
226000,29.0855457799,293.846907029,0.0153853111044
227000,59.7258843591,212.781666141,0.0153853111044
228000,59.2048721937,250.081562124,0.0153853111044
229000,63.5225992726,228.997690131,0.0153853111044
230000,65.5139775479,159.877712945,0.0153853111044
231000,63.4845200129,303.95640315,0.0153853111044
232000,63.4844784631,173.268907719,0.0153853111044
233000,49.422979831,354.505624307,0.0153853111044
234000,77.3753472685,283.440803578,0.0153853111044
235000,40.9732606473,233.576460769,0.0153853111044
236000,43.8851144566,265.906896823,0.0153853111044
237000,50.7231203971,298.935090066,0.0153853111044
238000,25.4940122938,433.279075174,0.0153853111044
239000,41.2291031434,248.236346473,0.0153853111044
240000,48.0442681088,364.867529268,0.0153853111044
241000,58.6469737403,366.632442847,0.0153853111044
242000,64.8153874657,309.249311476,0.0153853111044
243000,40.5204258896,379.31442991,0.0153853111044
244000,52.2266028629,215.77165272,0.0153853111044
245000,75.0636620017,233.303534668,0.0153853111044
246000,58.426606473,358.900929051,0.0153853111044
247000,78.4907004346,202.982927667,0.0153853111044
248000,76.8335012366,325.688973783,0.0153853111044
249000,69.3905180979,413.54033828,0.0153853111044
250000,57.3555451014,345.909428065,0.0153853111044
251000,61.2838404465,198.792322432,0.0153853111044
252000,64.823756859,193.517667766,0.0153853111044
253000,45.0108305977,405.38647147,0.0153853111044
254000,70.0401516253,324.966704326,0.0153853111044
255000,58.8959034331,251.719286136,0.0153853111044
256000,50.6217735497,271.286879593,0.0153853111044
257000,33.6194406175,353.141049548,0.0153853111044
258000,35.9902645952,292.599521718,0.0153853111044
259000,39.7106191935,285.463818405,0.0153853111044
260000,58.0392463047,276.824455705,0.0153853111044
261000,72.4841045229,324.449781125,0.0153853111044
262000,54.9304841768,257.936413051,0.0153853111044
263000,53.9969041922,219.329413489,0.0153853111044
264000,40.5429458473,346.29014063,0.0153853111044
265000,46.1955866199,251.66919808,0.0153853111044
266000,61.4711467819,312.77048842,0.0153853111044
267000,68.1978909055,265.255373105,0.0153853111044
268000,64.8627436564,362.727443155,0.0153853111044
269000,59.8315173435,246.592561755,0.0153853111044
270000,56.1845942616,211.703640934,0.0153853111044
271000,66.22543762,290.918290127,0.0153853111044
272000,33.0758099611,467.184198712,0.0153853111044
273000,40.6088926599,274.538971396,0.0153853111044
274000,67.8563625969,246.542344416,0.0153853111044
275000,60.9028571566,273.49216219,0.0153853111044
276000,61.4330577888,321.554659367,0.0153853111044
277000,59.4877069249,338.369266919,0.0153853111044
278000,57.1447530588,194.635690124,0.0153853111044
279000,56.3873929105,339.986494147,0.0153853111044
280000,62.1485269228,274.379708609,0.0153853111044
281000,81.9216601654,264.751182406,0.0153853111044
282000,45.7268531641,291.527189433,0.0153853111044
283000,45.381181114,276.749417091,0.0153853111044
284000,69.3859735587,329.918009146,0.0153853111044
285000,65.6855688382,343.752937064,0.0153853111044
286000,70.4012938951,458.183776899,0.0153853111044
287000,51.7239804338,290.197017128,0.0153853111044
288000,46.8701359302,340.394916338,0.0153853111044
289000,51.1348098832,306.1094735,0.0153853111044
290000,54.0312253414,309.147021684,0.0153853111044
291000,50.3415128816,232.776379998,0.0153853111044
292000,44.6274104051,291.13221917,0.0153853111044
293000,27.7445360256,299.077462427,0.0153853111044
294000,36.5154097779,302.955895521,0.0153853111044
295000,51.1928996917,220.387091002,0.0153853111044
296000,49.9657927883,318.246221432,0.0153853111044
297000,62.7381634873,430.435332745,0.0153853111044
298000,45.5914245492,348.963292337,0.0153853111044
299000,47.1967506694,328.632043887,0.0153853111044
300000,31.165907673,301.640117042,0.0153853111044
301000,37.2725977007,342.596201637,0.0153853111044
302000,68.7862392214,208.48025135,0.0153853111044
303000,52.0761480484,404.453593992,0.0153853111044
304000,53.8384558363,302.68225521,0.0153853111044
305000,66.9280769917,261.723489053,0.0153853111044
306000,62.0783534801,365.287737361,0.0153853111044
307000,59.0855149994,329.270093498,0.0153853111044
308000,59.6262230468,430.219032869,0.0153853111044
309000,53.7262407608,491.948181777,0.0153853111044
310000,64.3729859115,364.750733818,0.0153853111044
311000,48.1018657357,364.932200706,0.0153853111044
312000,71.8156856538,361.272970295,0.0153853111044
313000,55.8838222062,198.982285446,0.0153853111044
314000,48.4014051868,275.979235988,0.0153853111044
315000,34.85516265,366.316758093,0.0153853111044
316000,49.4442724831,316.715059963,0.0153853111044
317000,53.3996746703,243.908371405,0.0153853111044
318000,54.9993269266,240.602239871,0.0153853111044
319000,48.9306860836,238.515227738,0.0153853111044
320000,49.9774009529,388.462098603,0.0153853111044
321000,65.5545208507,505.368516711,0.0153853111044
322000,55.7729966808,208.726208041,0.0153853111044
323000,71.3560602958,296.011687968,0.0153853111044
324000,60.9656501026,304.638739198,0.0153853111044
325000,53.4801379744,265.579045171,0.0153853111044
326000,42.6757174389,336.595049423,0.0153853111044
327000,71.6797829453,318.507840534,0.0153853111044
328000,87.3108044895,388.23158005,0.0153853111044
329000,34.56927198,362.759394752,0.0153853111044
330000,69.3752220311,248.471559203,0.0153853111044
331000,38.5443234055,313.57660611,0.0153853111044
332000,44.3864541191,338.932962491,0.0153853111044
333000,66.1408150658,237.997739484,0.0153853111044
334000,46.2918027367,254.881814832,0.0153853111044
335000,46.4275594725,296.252641557,0.0153853111044
336000,52.5904222481,281.722537295,0.0153853111044
337000,53.8040382621,257.521169316,0.0153853111044
338000,42.467589746,353.684385944,0.0153853111044
339000,39.8429879566,313.038141183,0.0153853111044
340000,67.5841638524,321.461450355,0.0153853111044
341000,55.0071894449,417.575342643,0.0153853111044
342000,64.0087171789,230.220999665,0.0153853111044
343000,50.1662871757,219.964737055,0.0153853111044
344000,59.8095990895,213.856938845,0.0153853111044
345000,62.9851532825,265.881910184,0.0153853111044
346000,56.2105306514,357.512459064,0.0153853111044
347000,49.4405959197,268.578653828,0.0153853111044
348000,55.4564735042,290.692396678,0.0153853111044
349000,34.3075781623,262.027681259,0.0153853111044
350000,60.8404425872,341.781223107,0.0153853111044
351000,61.5790952999,301.048217118,0.0153853111044
352000,74.3062516822,185.343170363,0.0153853111044
353000,83.5616492862,351.411445284,0.0153853111044
354000,55.9244532078,366.354672289,0.0153853111044
355000,70.4282071426,307.881390102,0.0153853111044
356000,46.310471549,423.117474844,0.0153853111044
357000,49.8319735424,513.901615336,0.0153853111044
358000,44.6288724193,447.189252899,0.0153853111044
359000,61.9540427108,252.103974414,0.0153853111044
360000,45.8833320497,271.858172892,0.0153853111044
361000,41.6294667369,203.41148407,0.0153853111044
362000,63.4177250696,331.354112129,0.0153853111044
363000,41.610963893,310.375030952,0.0153853111044
364000,38.3016354775,333.802593914,0.0153853111044
365000,37.7155050531,321.251750492,0.0153853111044
366000,53.1910927012,386.220572542,0.0153853111044
367000,39.6462282206,415.350695996,0.0153853111044
368000,42.8331863745,267.196807291,0.0153853111044
369000,51.6833125425,225.843172724,0.0153853111044
370000,47.6044690364,344.990697419,0.0153853111044
371000,42.9825191161,376.861051456,0.0153853111044
372000,59.3928011622,244.787713358,0.0153853111044
373000,73.0827412916,432.860164249,0.0153853111044
374000,29.9712358858,352.541062507,0.0153853111044
375000,46.6149064326,233.32164417,0.0153853111044
376000,53.8762644336,388.034066147,0.0153853111044
377000,57.3979521339,271.150654931,0.0153853111044
378000,44.6944690835,229.01857666,0.0153853111044
379000,36.7057038191,222.239293515,0.0153853111044
380000,66.6597272556,307.868148817,0.0153853111044
381000,67.4223572228,248.285077905,0.0153853111044
382000,45.2039501851,340.701343792,0.0153853111044
383000,65.9717365118,287.785753973,0.0153853111044
384000,61.8775679549,360.923291556,0.0153853111044
385000,54.3976293888,402.147168968,0.0153853111044
386000,70.4250202418,352.978617613,0.0153853111044
387000,50.2144000925,290.223657459,0.0153853111044
388000,57.3321573252,473.478713875,0.0153853111044
389000,54.4147477198,343.148481139,0.0153853111044
390000,71.6731833466,273.355818579,0.0153853111044
391000,67.1538646799,264.369981616,0.0153853111044
392000,70.6465323643,196.929775817,0.0153853111044
393000,68.93965693,342.101258811,0.0153853111044
394000,74.0052358886,348.115778547,0.0153853111044
395000,33.4508126304,298.32732581,0.0153853111044
396000,70.7001697113,250.3058794,0.0153853111044
397000,47.3061047948,353.130965527,0.0153853111044
398000,52.0875113988,306.969634136,0.0153853111044
399000,66.1951751725,173.168208832,0.0153853111044
400000,52.8065969331,297.126598655,0.0153853111044
401000,65.0749888794,268.017533066,0.0153853111044
402000,45.4108891058,341.813175718,0.0153853111044
403000,53.7095781688,289.399708597,0.0153853111044
404000,27.4863564335,224.466336831,0.0153853111044
405000,47.2923721298,363.123853194,0.0153853111044
406000,61.4235739842,183.90670854,0.0153853111044
407000,67.636439743,259.304595572,0.0153853111044
408000,31.2593971591,212.496008906,0.0153853111044
409000,43.3654824922,303.978002139,0.0153853111044
410000,39.9575180561,293.361209402,0.0153853111044
411000,60.4777489854,269.190733982,0.0153853111044
412000,77.79383565,391.65282153,0.0153853111044
413000,51.4649060222,413.626148867,0.0153853111044
414000,45.2426440753,358.660501657,0.0153853111044
415000,67.5127330731,295.838921954,0.0153853111044
416000,47.8930867066,293.344123732,0.0153853111044
417000,44.3911308741,273.670912147,0.0153853111044
418000,57.2797772183,225.795951728,0.0153853111044
419000,61.2206122724,341.312598982,0.0153853111044
420000,58.5254981646,250.226011353,0.0153853111044
421000,38.5665423458,333.0977469,0.0153853111044
422000,44.8646960814,298.069872105,0.0153853111044
423000,68.075150394,286.439294063,0.0153853111044
424000,54.6766305946,329.681865799,0.0153853111044
425000,69.3945282124,157.918351058,0.0153853111044
426000,59.3621009252,340.605725853,0.0153853111044
427000,64.9524191705,279.944285588,0.0153853111044
428000,64.1293321032,271.037436577,0.0153853111044
429000,58.778359484,473.664170196,0.0153853111044
430000,54.7714242465,347.191575454,0.0153853111044
431000,47.2321292773,284.560224437,0.0153853111044
432000,48.3912671174,328.634274185,0.0153853111044
433000,44.2376597039,286.111417134,0.0153853111044
434000,52.8014476007,266.338753714,0.0153853111044
435000,63.0424222291,276.694268499,0.0153853111044
436000,42.4702192829,350.345901385,0.0153853111044
437000,72.44740282,315.966917419,0.0153853111044
438000,59.127775795,411.008538245,0.0153853111044
439000,51.5846781432,244.246174438,0.0153853111044
440000,56.1864981041,185.212918564,0.0153853111044
441000,35.435599801,307.227073088,0.0153853111044
442000,61.759579964,363.107427505,0.0153853111044
443000,48.9858262134,386.458772771,0.0153853111044
444000,65.5150267997,172.607659724,0.0153853111044
445000,35.1141675231,319.435717003,0.0153853111044
446000,45.6947933869,311.171223585,0.0153853111044
447000,39.9416012345,293.982298432,0.0153853111044
448000,20.4702337121,271.464270517,0.0153853111044
449000,52.3838140507,202.337304594,0.0153853111044
450000,55.2888472627,280.656040122,0.0153853111044
451000,70.2695257087,362.475688911,0.0153853111044
452000,54.3362278011,241.264938217,0.0153853111044
453000,38.1790461213,249.322184489,0.0153853111044
454000,63.7122074988,230.94486857,0.0153853111044
455000,34.5514096296,434.611079265,0.0153853111044
456000,38.5050537184,256.925985994,0.0153853111044
457000,61.7170316571,257.052332269,0.0153853111044
458000,51.7805905383,346.493492925,0.0153853111044
459000,60.3041874419,257.010052428,0.0153853111044
460000,58.8005743298,325.756509331,0.0153853111044
461000,32.9590429302,298.816059969,0.0153853111044
462000,60.0177718311,376.142305378,0.0153853111044
463000,48.379412976,377.136560162,0.0153853111044
464000,58.4962543202,347.511376848,0.0153853111044
465000,63.5790134874,294.920443112,0.0153853111044
466000,54.9329574653,345.93470916,0.0153853111044
467000,45.3745550728,421.096389163,0.0153853111044
468000,36.835955921,238.704852638,0.0153853111044
469000,69.3398279854,239.925849913,0.0153853111044
470000,46.0709552324,269.39405309,0.0153853111044
471000,42.8072568383,282.736961641,0.0153853111044
472000,51.3833269697,282.491873768,0.0153853111044
473000,52.7833758444,218.274414252,0.0153853111044
474000,54.6126054578,309.050207428,0.0153853111044
475000,49.5591870206,227.850600239,0.0153853111044
476000,85.8858708319,298.593563852,0.0153853111044
477000,58.098054174,303.852380542,0.0153853111044
478000,44.1146629789,259.174499728,0.0153853111044
479000,36.3140834921,270.291282149,0.0153853111044
480000,53.7427690517,310.536770352,0.0153853111044
481000,67.9382459978,382.153334629,0.0153853111044
482000,30.8310036387,404.735241634,0.0153853111044
483000,36.9594796182,390.136534569,0.0153853111044
484000,60.5693501126,316.567196773,0.0153853111044
485000,51.877236748,252.739804021,0.0153853111044
486000,44.2991691866,251.550760525,0.0153853111044
487000,55.5538159055,318.390804836,0.0153853111044
488000,52.6888909752,378.576732342,0.0153853111044
489000,55.336540244,357.839237826,0.0153853111044
490000,45.4971969,215.081307214,0.0153853111044
491000,46.7814753771,362.669460361,0.0153853111044
492000,77.5387457671,280.896700147,0.0153853111044
493000,42.0899157386,350.240831245,0.0153853111044
494000,46.8341404286,293.554387528,0.0153853111044
495000,29.9952263024,381.143417021,0.0153853111044
496000,57.0736256487,308.12104996,0.0153853111044
497000,43.1534573752,288.462890338,0.0153853111044
498000,48.0971319326,292.011540172,0.0153853111044
499000,70.6244576319,284.618400226,0.0153853111044
500000,50.7788419386,272.79484233,0.0153853111044
501000,58.227455656,293.10021837,0.0153853111044
502000,71.8623455907,274.305915228,0.0153853111044
503000,82.0423598912,309.545979819,0.0153853111044
504000,58.0686830369,282.698004303,0.0153853111044
505000,52.5164071667,239.4395278,0.0153853111044
506000,70.7980801384,420.218540369,0.0153853111044
507000,67.3717297864,278.814853892,0.0153853111044
508000,64.6037984174,275.991701942,0.0153853111044
509000,54.0683147535,367.352778532,0.0153853111044
510000,65.8303891593,426.471273164,0.0153853111044
511000,68.8819364604,400.861736201,0.0153853111044
512000,56.4455967521,356.265256001,0.0153853111044
513000,43.2848815687,199.00948084,0.0153853111044
514000,69.3458279963,259.118132787,0.0153853111044
515000,50.4874471537,286.369524824,0.0153853111044
516000,48.3955307466,262.355841947,0.0153853111044
517000,40.8915040536,214.655134339,0.0153853111044
518000,45.3607109634,267.2674365,0.0153853111044
519000,76.6495584181,309.109110533,0.0153853111044
520000,44.6942083517,270.101769045,0.0153853111044
521000,65.1485505201,256.748000277,0.0153853111044
522000,68.0897604625,279.021986679,0.0153853111044
523000,32.6284633782,233.537408468,0.0153853111044
524000,53.1694783008,305.567094636,0.0153853111044
525000,66.5951450517,418.235143089,0.0153853111044
526000,62.1732332048,355.263001064,0.0153853111044
527000,39.9741237237,292.337361972,0.0153853111044
528000,77.752615088,240.430496459,0.0153853111044
529000,42.6005582355,334.720588589,0.0153853111044
530000,49.7945321468,287.153913196,0.0153853111044
531000,39.1237915733,409.00028224,0.0153853111044
532000,65.6698225142,384.167446536,0.0153853111044
533000,58.1492622551,333.366760363,0.0153853111044
534000,59.7329485149,297.12794551,0.0153853111044
535000,57.4080941004,243.445737259,0.0153853111044
536000,68.5620522109,283.057856018,0.0153853111044
537000,44.131959809,350.959057144,0.0153853111044
538000,41.1016709855,316.346945598,0.0153853111044
539000,54.4478073687,207.280709007,0.0153853111044
540000,63.9044297743,306.545644245,0.0153853111044
541000,79.7973729914,352.151736735,0.0153853111044
542000,87.7197925631,380.18297406,0.0153853111044
543000,43.337106765,372.651892589,0.0153853111044
544000,67.2579330996,372.072961494,0.0153853111044
545000,62.5133196926,346.723523376,0.0153853111044
546000,30.6667651255,261.173718834,0.0153853111044
547000,55.0630193721,316.885675678,0.0153853111044
548000,69.4650456362,251.265284316,0.0153853111044
549000,81.2422140519,249.268818642,0.0153853111044
550000,45.6357001466,343.657130186,0.0153853111044
551000,86.0604173987,313.452603264,0.0153853111044
552000,57.5257649157,351.591107918,0.0153853111044
553000,49.1616677698,212.733430214,0.0153853111044
554000,58.3513850207,269.692872722,0.0153853111044
555000,50.7504058133,368.312223234,0.0153853111044
556000,73.193964639,300.936195892,0.0153853111044
557000,67.170047505,378.337260903,0.0153853111044
558000,54.947489195,269.040836637,0.0153853111044
559000,49.1102481375,272.510489307,0.0153853111044
560000,46.6163408928,335.061995275,0.0153853111044
561000,54.0546270506,312.560156997,0.0153853111044
562000,68.6557982009,256.237875885,0.0153853111044
563000,55.2178964125,367.940807718,0.0153853111044
564000,48.4445973733,342.780353383,0.0153853111044
565000,38.792123786,372.467576337,0.0153853111044
566000,53.4699709909,313.404750209,0.0153853111044
567000,39.4099604041,249.650216506,0.0153853111044
568000,33.8611745153,328.147733629,0.0153853111044
569000,52.8605958287,451.331915992,0.0153853111044
570000,45.1655938412,516.952525789,0.0153853111044
571000,79.7720082903,323.312071158,0.0153853111044
572000,58.696410806,366.686012488,0.0153853111044
573000,38.8738044086,228.805245168,0.0153853111044
574000,58.8451340457,206.172561138,0.0153853111044
575000,61.9600909726,446.493497499,0.0153853111044
576000,51.484489475,204.702648092,0.0153853111044
577000,62.7724273581,256.1808031,0.0153853111044
578000,34.8832128742,318.492763953,0.0153853111044
579000,61.5931502698,155.812693563,0.0153853111044
580000,46.217011902,302.51808251,0.0153853111044
581000,41.6357655444,313.050167104,0.0153853111044
582000,61.0214927589,479.679466036,0.0153853111044
583000,80.6894757666,215.493019039,0.0153853111044
584000,69.4921885864,390.342586796,0.0153853111044
585000,75.1908467918,299.622062584,0.0153853111044
586000,54.08226301,279.544251612,0.0153853111044
587000,36.0305599161,305.615052705,0.0153853111044
588000,76.4521026557,269.557377631,0.0153853111044
589000,66.2754952999,320.964809026,0.0153853111044
590000,36.7966842476,177.656379627,0.0153853111044
591000,76.6125318719,309.368998121,0.0153853111044
592000,32.4539795324,267.163039168,0.0153853111044
593000,47.1258862937,245.349438746,0.0153853111044
594000,72.2260351681,358.962803862,0.0153853111044
595000,40.8253227605,264.909418505,0.0153853111044
596000,33.5060744758,327.19950792,0.0153853111044
597000,42.4058148281,382.134665741,0.0153853111044
598000,64.3301270089,292.398895082,0.0153853111044
599000,71.0146858152,411.094640585,0.0153853111044
600000,64.8165687969,305.145661747,0.0153853111044
601000,42.6272091197,402.415744516,0.0153853111044
602000,74.950824949,298.363923712,0.0153853111044
603000,50.6327118765,342.128469856,0.0153853111044
604000,46.6575366405,235.572359335,0.0153853111044
605000,72.2363761149,388.351784257,0.0153853111044
606000,53.5237197994,419.478127224,0.0153853111044
607000,48.9956803373,255.358519796,0.0153853111044
608000,39.7002199883,343.289443482,0.0153853111044
609000,64.2524217069,336.413425289,0.0153853111044
610000,51.9135519547,365.179214397,0.0153853111044
611000,35.3834770372,276.25016735,0.0153853111044
612000,41.1781192451,225.943420902,0.0153853111044
613000,42.6840948944,297.848041062,0.0153853111044
614000,52.3801998756,248.156482723,0.0153853111044
615000,60.5951680793,364.955788263,0.0153853111044
616000,60.3508184338,340.746390995,0.0153853111044
617000,47.3234070392,329.148038092,0.0153853111044
618000,44.1329600181,282.769265091,0.0153853111044
619000,57.4235078294,274.026125124,0.0153853111044
620000,57.021406159,365.164413883,0.0153853111044
621000,79.1436146971,224.829880296,0.0153853111044
622000,52.3734403227,347.731260753,0.0153853111044
623000,70.9371843057,190.047238223,0.0153853111044
624000,69.1470211715,298.37454511,0.0153853111044
625000,54.2422986895,304.169283368,0.0153853111044
626000,49.2301639049,274.390689803,0.0153853111044
627000,39.961596138,269.045693993,0.0153853111044
628000,50.9081069866,318.295616309,0.0153853111044
629000,35.0419899971,261.383541099,0.0153853111044
630000,41.6617000797,225.297915136,0.0153853111044
631000,49.4832034721,344.252570868,0.0153853111044
632000,59.6865429433,314.667710513,0.0153853111044
633000,71.6503204572,382.877485882,0.0153853111044
634000,57.0943866571,470.457351167,0.0153853111044
635000,75.3039365331,305.121792601,0.0153853111044
636000,54.3173609486,231.370412196,0.0153853111044
637000,34.9181254179,192.547934829,0.0153853111044
638000,71.0964104983,230.023432995,0.0153853111044
639000,43.8815328578,177.941091779,0.0153853111044
640000,38.7804551169,343.565918914,0.0153853111044
641000,44.6597268696,373.652907352,0.0153853111044
642000,66.4577780008,395.810411491,0.0153853111044
643000,30.1543115524,265.776485401,0.0153853111044
644000,55.0174403388,302.65226257,0.0153853111044
645000,54.9246214681,333.382859581,0.0153853111044
646000,66.6868206531,236.463304972,0.0153853111044
647000,57.331915759,257.69274919,0.0153853111044
648000,52.9780144882,249.065707114,0.0153853111044
649000,39.5450888422,319.69639966,0.0153853111044
650000,68.9480475116,302.662968051,0.0153853111044
651000,53.9870333295,212.165227918,0.0153853111044
652000,49.5959675533,366.106813175,0.0153853111044
653000,103.429435604,236.200534931,0.0153853111044
654000,65.6237867739,276.31309968,0.0153853111044
655000,54.606074671,359.821578575,0.0153853111044
656000,61.6300713733,246.864609683,0.0153853111044
657000,64.0836826615,365.314696583,0.0153853111044
658000,41.1490533933,365.408090194,0.0153853111044
659000,56.5964013764,366.193768855,0.0153853111044
660000,35.8425658537,260.79138332,0.0153853111044
661000,74.2485748305,242.789832141,0.0153853111044
662000,92.2932538488,286.495386768,0.0153853111044
663000,52.2505209772,319.617395291,0.0153853111044
664000,52.9213680614,303.591475527,0.0153853111044
665000,57.8424097413,264.321625519,0.0153853111044
666000,48.7448029297,273.723161623,0.0153853111044
667000,32.8751100665,365.027266009,0.0153853111044
668000,67.4917440861,224.572242135,0.0153853111044
669000,41.3018198301,325.118622239,0.0153853111044
670000,61.7919360724,228.417128442,0.0153853111044
671000,56.8679140321,388.704844576,0.0153853111044
672000,53.014878903,292.817518539,0.0153853111044
673000,50.1101892105,336.393221472,0.0153853111044
674000,37.795159988,359.486559752,0.0153853111044
675000,48.6398740847,366.523846322,0.0153853111044
676000,60.1191728264,206.989874314,0.0153853111044
677000,42.2291870115,273.580048126,0.0153853111044
678000,37.957622294,199.309599336,0.0153853111044
679000,49.9806755969,302.31024006,0.0153853111044
680000,70.0634224774,460.188248334,0.0153853111044
681000,60.9750529045,295.231459845,0.0153853111044
682000,55.5443381544,274.442002096,0.0153853111044
683000,75.5965968007,255.21469689,0.0153853111044
684000,56.2453637477,332.165595016,0.0153853111044
685000,42.4767294956,263.679539317,0.0153853111044
686000,59.4395186864,316.26237794,0.0153853111044
687000,53.220026865,364.904979041,0.0153853111044
688000,57.2979619951,237.389833456,0.0153853111044
689000,75.0022222039,265.708659732,0.0153853111044
690000,59.1034072883,289.806144131,0.0153853111044
691000,52.5983891791,331.446785131,0.0153853111044
692000,32.1172844144,452.936390172,0.0153853111044
693000,61.72719303,300.498848502,0.0153853111044
694000,75.7712941008,364.388446765,0.0153853111044
695000,40.6759902761,182.186162682,0.0153853111044
696000,33.4183919156,306.040705595,0.0153853111044
697000,55.485672257,203.387230043,0.0153853111044
698000,61.0932901985,236.557827144,0.0153853111044
699000,42.7869751836,300.46716221,0.0153853111044
700000,56.1137221976,206.148386493,0.0153853111044
701000,66.7764108113,344.55182358,0.0153853111044
702000,66.5852570479,338.441124557,0.0153853111044
703000,35.7729832026,217.099443887,0.0153853111044
704000,50.8814262436,273.113754405,0.0153853111044
705000,57.1651133928,319.481479099,0.0153853111044
706000,62.9518956055,354.200371038,0.0153853111044
707000,31.7138713523,374.430148494,0.0153853111044
708000,57.6587746213,227.079159472,0.0153853111044
709000,71.2531694265,389.243239888,0.0153853111044
710000,40.1110675915,230.38523838,0.0153853111044
711000,67.131905078,270.314509385,0.0153853111044
712000,46.8279229607,238.121409138,0.0153853111044
713000,62.7917654996,443.131038144,0.0153853111044
714000,44.0735359371,290.047518021,0.0153853111044
715000,40.4042505684,170.716769312,0.0153853111044
716000,63.2418550005,272.470540718,0.0153853111044
717000,35.7454710242,272.852228505,0.0153853111044
718000,54.1585896997,233.160729461,0.0153853111044
719000,62.5897318125,328.198712855,0.0153853111044
720000,66.315238062,296.58729325,0.0153853111044
721000,48.1161623084,203.739992533,0.0153853111044
722000,58.0948272151,264.020133433,0.0153853111044
723000,36.1858067175,202.370473942,0.0153853111044
724000,53.9060067484,336.549330651,0.0153853111044
725000,44.159038017,375.995786469,0.0153853111044
726000,76.7151743807,382.841974724,0.0153853111044
727000,60.8606813303,281.231615099,0.0153853111044
728000,67.2292257185,315.861704497,0.0153853111044
729000,77.0397571532,279.873972484,0.0153853111044
730000,61.6637666788,322.955526404,0.0153853111044
731000,65.5684838965,317.77938369,0.0153853111044
732000,53.4319261154,362.016545221,0.0153853111044
733000,50.7666132948,392.738321539,0.0153853111044
734000,75.9567490449,263.253150235,0.0153853111044
735000,55.2958885206,284.214073284,0.0153853111044
736000,40.161184824,104.414651556,0.0153853111044
737000,57.0972744234,245.297454336,0.0153853111044
738000,60.2779238068,238.439282345,0.0153853111044
739000,70.8189437608,338.663362546,0.0153853111044
740000,71.7364270111,455.306767756,0.0153853111044
741000,44.4224121696,233.412020304,0.0153853111044
742000,50.0289855656,257.4366091,0.0153853111044
743000,50.3442065378,188.087627327,0.0153853111044
744000,53.5287839533,277.072102776,0.0153853111044
745000,36.5565100829,371.298922379,0.0153853111044
746000,32.1070173883,229.577197067,0.0153853111044
747000,73.6945729496,390.473957935,0.0153853111044
748000,46.279731161,434.947894951,0.0153853111044
749000,39.0967440876,262.552191056,0.0153853111044
750000,57.0831164379,330.27660918,0.0153853111044
751000,45.1668264303,240.175879406,0.0153853111044
752000,50.7718587151,357.225343296,0.0153853111044
753000,61.1988554139,328.195160204,0.0153853111044
754000,36.9915937342,249.23141842,0.0153853111044
755000,54.3254372421,316.527609687,0.0153853111044
756000,48.962643352,367.2093087,0.0153853111044
757000,39.6950182415,222.333743448,0.0153853111044
758000,55.0925074871,325.757783286,0.0153853111044
759000,60.5565434988,278.687666699,0.0153853111044
760000,79.7214216228,235.227980981,0.0153853111044
761000,62.1229215972,414.183708648,0.0153853111044
762000,42.2512151077,353.572799896,0.0153853111044
763000,44.8254376378,279.01528484,0.0153853111044
764000,61.5789594382,306.817184316,0.0153853111044
765000,65.4048471515,274.585121424,0.0153853111044
766000,63.5267323704,366.351439543,0.0153853111044
767000,61.6880407184,264.229332493,0.0153853111044
768000,55.0913475159,168.475022698,0.0153853111044
769000,46.3444246271,273.296328662,0.0153853111044
770000,44.8221866984,280.319689632,0.0153853111044
771000,60.0810275381,180.172229107,0.0153853111044
772000,26.0668382887,311.688092508,0.0153853111044
773000,44.3974742688,265.8078748,0.0153853111044
774000,71.3091792758,306.705681239,0.0153853111044
775000,44.6534337516,290.666114314,0.0153853111044
776000,45.683176167,233.846111684,0.0153853111044
777000,49.2448653035,355.819369334,0.0153853111044
778000,60.1041999028,230.903856525,0.0153853111044
779000,41.8024683747,224.708883689,0.0153853111044
780000,60.0254118556,241.444076089,0.0153853111044
781000,37.9688889835,302.798160137,0.0153853111044
782000,60.7530251519,292.7546748,0.0153853111044
783000,42.8664912707,285.66527186,0.0153853111044
784000,81.2697115902,424.089142852,0.0153853111044
785000,41.5200897212,249.799011959,0.0153853111044
786000,65.9146290026,301.088382525,0.0153853111044
787000,71.393743922,261.484399839,0.0153853111044
788000,50.3036499265,410.194012937,0.0153853111044
789000,54.5783061411,281.347666429,0.0153853111044
790000,46.1582022183,385.89316707,0.0153853111044
791000,45.9384536951,329.679658843,0.0153853111044
792000,71.4857421446,358.867935485,0.0153853111044
793000,56.1056415212,349.044125392,0.0153853111044
794000,45.7060628648,297.988208095,0.0153853111044
795000,54.3845107276,341.129129264,0.0153853111044
796000,45.0066971939,259.596902072,0.0153853111044
797000,39.6714395656,265.126302092,0.0153853111044
798000,47.9814221284,324.314765377,0.0153853111044
799000,85.9005754483,327.659237251,0.0153853111044
800000,33.3706798787,331.647680373,0.0153853111044
801000,80.6956019477,297.487179338,0.0153853111044
802000,59.8754871654,281.729347376,0.0153853111044
803000,28.6224203022,277.512333566,0.0153853111044
804000,63.6313987538,345.741393158,0.0153853111044
805000,30.7716724753,384.765882192,0.0153853111044
806000,52.8187088536,279.108517308,0.0153853111044
807000,47.3771285497,287.767182048,0.0153853111044
808000,39.5137514756,406.027427719,0.0153853111044
809000,74.0565693263,237.61826995,0.0153853111044
810000,49.7820379318,270.652344387,0.0153853111044
811000,59.6115510394,264.957113061,0.0153853111044
812000,60.4577086101,309.516101532,0.0153853111044
813000,54.1425358871,333.587672935,0.0153853111044
814000,57.7565775004,317.264883278,0.0153853111044
815000,81.5465196618,329.043447852,0.0153853111044
816000,34.1035476789,468.803757103,0.0153853111044
817000,61.936603953,265.249651273,0.0153853111044
818000,35.2999730422,313.194209468,0.0153853111044
819000,35.3230434295,300.041421373,0.0153853111044
820000,65.5825146419,331.925518661,0.0153853111044
821000,38.5702074853,332.741829858,0.0153853111044
822000,59.8366315008,303.013126085,0.0153853111044
823000,47.6378975128,276.051337986,0.0153853111044
824000,39.0699994865,220.412576521,0.0153853111044
825000,57.6278050512,492.279911743,0.0153853111044
826000,60.1792310942,358.802259638,0.0153853111044
827000,67.4833500057,285.594418663,0.0153853111044
828000,57.1265613454,192.665342007,0.0153853111044
829000,59.6492466088,150.544643682,0.0153853111044
830000,71.0787497286,254.287622684,0.0153853111044
831000,32.7109850532,303.253942526,0.0153853111044
832000,66.4766325994,325.61743202,0.0153853111044
833000,59.3224370457,310.670373727,0.0153853111044
834000,63.748546089,224.550284828,0.0153853111044
835000,54.2631547149,284.10094124,0.0153853111044
836000,77.3353400778,307.122617015,0.0153853111044
837000,73.2193636107,293.112756117,0.0153853111044
838000,69.9842161479,387.234701311,0.0153853111044
839000,47.6840534722,314.721891693,0.0153853111044
840000,49.4170614408,262.62234073,0.0153853111044
841000,35.3369403041,253.406174226,0.0153853111044
842000,56.5300049528,209.417306163,0.0153853111044
843000,68.2044142769,342.206507097,0.0153853111044
844000,47.1411201321,208.31699699,0.0153853111044
845000,35.5550523042,258.851393642,0.0153853111044
846000,58.9642953949,228.256622706,0.0153853111044
847000,42.0520653631,282.06053562,0.0153853111044
848000,67.1544475699,298.552982447,0.0153853111044
849000,58.7048831416,324.1585635,0.0153853111044
850000,41.3728097904,231.412506524,0.0153853111044
851000,42.4063603754,384.921249435,0.0153853111044
852000,45.2086824868,460.378950316,0.0153853111044
853000,32.4635254522,314.31016296,0.0153853111044
854000,79.6507902796,261.423604119,0.0153853111044
855000,62.0406949943,232.016196064,0.0153853111044
856000,51.5328973052,313.115549111,0.0153853111044
857000,44.7405973212,357.690508252,0.0153853111044
858000,56.816984244,216.544444176,0.0153853111044
859000,58.2501101669,215.178354466,0.0153853111044
860000,48.3740803496,232.657256227,0.0153853111044
861000,81.0269253623,242.933548355,0.0153853111044
862000,61.2847375015,236.909743415,0.0153853111044
863000,58.9183466424,250.838564137,0.0153853111044
864000,65.4919641725,466.283715987,0.0153853111044
865000,69.5606612163,237.060110183,0.0153853111044
866000,66.4842565652,360.32301481,0.0153853111044
867000,55.4816626305,205.32942665,0.0153853111044
868000,47.3866105288,255.815769129,0.0153853111044
869000,58.3432022228,248.150045031,0.0153853111044
870000,65.9837529258,279.55107287,0.0153853111044
871000,62.6623134482,311.938525169,0.0153853111044
872000,52.3577219498,352.065235444,0.0153853111044
873000,46.6784948376,349.927754746,0.0153853111044
874000,70.51667232,288.756506765,0.0153853111044
875000,45.025851853,240.896612143,0.0153853111044
876000,52.1097216745,366.281362062,0.0153853111044
877000,54.4502585692,308.101090578,0.0153853111044
878000,34.6027245396,291.141505534,0.0153853111044
879000,37.1768517112,374.569162829,0.0153853111044
880000,53.6711873282,273.937676037,0.0153853111044
881000,61.4983551343,293.651488019,0.0153853111044
882000,62.5583809877,340.466273688,0.0153853111044
883000,65.5776888543,345.720459528,0.0153853111044
884000,54.1872217974,419.160807892,0.0153853111044
885000,30.4481700431,400.962019093,0.0153853111044
886000,83.3751757659,256.992232095,0.0153853111044
887000,47.6065114822,281.880887099,0.0153853111044
888000,57.8270486219,223.163486002,0.0153853111044
889000,43.4268366231,244.643174757,0.0153853111044
890000,41.7461588722,312.580009862,0.0153853111044
891000,45.1689773023,216.620875741,0.0153853111044
892000,28.3334947645,364.515711185,0.0153853111044
893000,58.3731578227,314.120733348,0.0153853111044
894000,62.2222243667,267.445879534,0.0153853111044
895000,37.4700069468,178.656178281,0.0153853111044
896000,37.5341015293,163.132979665,0.0153853111044
897000,34.2782925853,219.611426359,0.0153853111044
898000,46.1574464965,290.319538504,0.0153853111044
899000,69.43832486,356.896827042,0.0153853111044
900000,59.9069639564,351.640665413,0.0153853111044
901000,42.8365035469,286.498008717,0.0153853111044
902000,64.2505750619,263.836752011,0.0153853111044
903000,50.1305534212,339.397272059,0.0153853111044
904000,51.7880576994,262.388097448,0.0153853111044
905000,52.9217123347,261.758850677,0.0153853111044
906000,65.8591332238,274.936587509,0.0153853111044
907000,56.1413295222,365.968706284,0.0153853111044
908000,52.534898347,232.44719153,0.0153853111044
909000,45.5776965718,274.420992917,0.0153853111044
910000,44.7751490365,345.268069719,0.0153853111044
911000,60.2905564431,311.35444951,0.0153853111044
912000,54.7173703913,318.057209966,0.0153853111044
913000,65.2016604902,203.011005401,0.0153853111044
914000,49.2615056243,361.927793779,0.0153853111044
915000,42.1657514837,391.313763325,0.0153853111044
916000,80.1514599246,299.283535694,0.0153853111044
917000,46.333192617,362.759301892,0.0153853111044
918000,72.021693987,262.877882318,0.0153853111044
919000,68.4795920608,292.218353767,0.0153853111044
920000,53.1433294067,348.533900337,0.0153853111044
921000,45.7837477357,306.964381877,0.0153853111044
922000,48.64555231,268.885083665,0.0153853111044
923000,57.9779948518,248.408921421,0.0153853111044
924000,46.3478635892,303.035729671,0.0153853111044
925000,58.1750676983,385.789054867,0.0153853111044
926000,47.6745102463,519.598260363,0.0153853111044
927000,49.6977163338,292.09752193,0.0153853111044
928000,48.2175067525,309.024046956,0.0153853111044
929000,55.3348988325,216.469605993,0.0153853111044
930000,67.1599157848,321.847096516,0.0153853111044
931000,55.0947924516,196.052456331,0.0153853111044
932000,55.0054489259,323.456812564,0.0153853111044
933000,36.9766430263,294.962108808,0.0153853111044
934000,46.3729637427,292.691492296,0.0153853111044
935000,51.3410667339,221.087106276,0.0153853111044
936000,45.2127431208,316.324829615,0.0153853111044
937000,31.0381722636,264.286078301,0.0153853111044
938000,46.2798151493,310.754810273,0.0153853111044
939000,80.0714391729,329.237002973,0.0153853111044
940000,59.423735657,270.10708464,0.0153853111044
941000,37.0838655509,345.280875573,0.0153853111044
942000,53.7189326175,250.381258766,0.0153853111044
943000,50.9084990053,266.7289356,0.0153853111044
944000,31.5488043355,331.862382411,0.0153853111044
945000,45.6576216858,370.925770159,0.0153853111044
946000,77.2596094983,339.305250243,0.0153853111044
947000,43.1053280647,427.310180199,0.0153853111044
948000,69.8900282499,311.281412246,0.0153853111044
949000,49.1183745404,358.447299568,0.0153853111044
950000,75.588095638,282.367025206,0.0153853111044
951000,56.4141575172,236.224003726,0.0153853111044
952000,49.5166075156,313.44281784,0.0153853111044
953000,57.6116396355,297.758387293,0.0153853111044
954000,53.6592036877,333.151553924,0.0153853111044
955000,51.1351507697,318.563335897,0.0153853111044
956000,41.2266051942,194.108747731,0.0153853111044
957000,40.7655893256,252.007662288,0.0153853111044
958000,63.0541998146,229.461417176,0.0153853111044
959000,49.8812493895,238.334743749,0.0153853111044
960000,44.8228241507,220.963469433,0.0153853111044
961000,66.2988925838,235.042547246,0.0153853111044
962000,55.6231576167,246.415479541,0.0153853111044
963000,55.1984084981,339.876862085,0.0153853111044
964000,55.7524739312,313.067381813,0.0153853111044
965000,63.0426641851,311.858992142,0.0153853111044
966000,49.0891185479,272.238562302,0.0153853111044
967000,45.3200166878,250.146469654,0.0153853111044
968000,36.3746470146,392.706164797,0.0153853111044
969000,37.9384257408,338.422706446,0.0153853111044
970000,47.5718454928,161.141621472,0.0153853111044
971000,57.6451445882,173.836100658,0.0153853111044
972000,56.4858694423,227.228888569,0.0153853111044
973000,36.7997867943,367.401169422,0.0153853111044
974000,43.0551071369,274.62219099,0.0153853111044
975000,50.3142490604,177.198281721,0.0153853111044
976000,42.9357803514,224.609524222,0.0153853111044
977000,74.9778560929,379.597227618,0.0153853111044
978000,56.5228666041,342.229287582,0.0153853111044
979000,43.1289333902,382.502558505,0.0153853111044
980000,37.5337609528,305.734406711,0.0153853111044
981000,30.6376842677,300.863298727,0.0153853111044
982000,67.2133549403,322.658100583,0.0153853111044
983000,51.3499563734,347.751992367,0.0153853111044
984000,45.3600008937,352.712432765,0.0153853111044
985000,59.2635421081,223.732385083,0.0153853111044
986000,48.0692451055,317.875408091,0.0153853111044
987000,61.0854147935,398.637726123,0.0153853111044
988000,54.1856993083,229.02819533,0.0153853111044
989000,47.0736298038,212.141014211,0.0153853111044
990000,60.4041109897,136.951027946,0.0153853111044
991000,47.2257477855,250.176635701,0.0153853111044
992000,55.7748933998,329.39017242,0.0153853111044
993000,65.8335019041,281.074117775,0.0153853111044
994000,76.0675812965,307.293936814,0.0153853111044
995000,57.7854525038,367.959159447,0.0153853111044
996000,65.5456345233,295.250515649,0.0153853111044
997000,82.8620983424,167.044957355,0.0153853111044
998000,43.7171651461,293.138552555,0.0153853111044
999000,86.2863885608,255.994670378,0.0153853111044
1000000,67.8453055563,328.080764265,0.0153853111044
1001000,59.4133598712,322.050072625,0.0153853111044
1002000,37.901591763,334.17718221,0.0153853111044
1003000,35.8427209684,300.137535435,0.0153853111044
1004000,45.8212252926,308.877508633,0.0153853111044
1005000,40.2410341285,245.411351284,0.0153853111044
1006000,44.683652377,346.100046919,0.0153853111044
1007000,62.2360465191,220.628484296,0.0153853111044
1008000,56.3684267911,219.75140999,0.0153853111044
1009000,68.6813000188,237.036992745,0.0153853111044
1010000,46.5122265351,407.168644461,0.0153853111044
1011000,40.1141999478,205.724752491,0.0153853111044
1012000,42.4617291002,311.121220728,0.0153853111044
1013000,44.2722769153,309.246143791,0.0153853111044
1014000,60.2933703172,225.015654561,0.0153853111044
1015000,32.4026030484,393.421832743,0.0153853111044
1016000,48.7255570053,299.892303024,0.0153853111044
1017000,41.6942857163,269.266642097,0.0153853111044
1018000,53.125710135,308.765298996,0.0153853111044
1019000,39.4045698277,287.853915412,0.0153853111044
1020000,47.2788909931,231.951231072,0.0153853111044
1021000,49.2607324421,402.812943734,0.0153853111044
1022000,71.4848368589,227.184708675,0.0153853111044
1023000,46.0894350094,391.613862147,0.0153853111044
1024000,41.9018501828,407.001243466,0.0153853111044
1025000,47.2382363789,305.489563245,0.0153853111044
1026000,88.2689602515,279.704508892,0.0153853111044
1027000,65.3083430253,244.92210885,0.0153853111044
1028000,49.1372465128,281.509916926,0.0153853111044
1029000,40.8406634359,181.64040069,0.0153853111044
1030000,57.3804205372,331.226356081,0.0153853111044
1031000,58.9056357448,330.078790258,0.0153853111044
1032000,73.6922019369,456.274687095,0.0153853111044
1033000,43.0334720802,218.663105848,0.0153853111044
1034000,40.4395305351,438.807434217,0.0153853111044
1035000,66.6255446019,262.959522661,0.0153853111044
1036000,61.259106314,280.01906734,0.0153853111044
1037000,44.3142536283,205.02819393,0.0153853111044
1038000,72.0755498556,358.138707275,0.0153853111044
1039000,41.1655889236,214.876211639,0.0153853111044
1040000,59.189934592,280.516152698,0.0153853111044
1041000,52.0467311389,243.494443529,0.0153853111044
1042000,36.6580082039,235.660864444,0.0153853111044
1043000,59.0654277796,244.445835066,0.0153853111044
1044000,65.1284702687,301.273486224,0.0153853111044
1045000,32.4176901171,326.584322204,0.0153853111044
1046000,49.9740341784,215.456078816,0.0153853111044
1047000,53.0261621346,368.825333932,0.0153853111044
1048000,54.9009914314,372.522455193,0.0153853111044
1049000,33.9882710458,354.984285698,0.0153853111044
1050000,51.27001301,333.817341874,0.0153853111044
1051000,57.7815480983,297.243615279,0.0153853111044
1052000,67.7217415332,160.573633537,0.0153853111044
1053000,66.1224731969,289.821849835,0.0153853111044
1054000,48.3226092021,316.957076347,0.0153853111044
1055000,58.7131014191,142.65321834,0.0153853111044
1056000,64.0400602089,320.275217804,0.0153853111044
1057000,38.2910086157,377.25518599,0.0153853111044
1058000,44.5528520172,461.160783866,0.0153853111044
1059000,59.6556873086,245.086430704,0.0153853111044
1060000,57.6578572093,203.436365905,0.0153853111044
1061000,54.8249142053,345.291005189,0.0153853111044
1062000,50.2264732289,361.41555171,0.0153853111044
1063000,36.5783024388,325.719345179,0.0153853111044
1064000,47.9628112022,271.99602284,0.0153853111044
1065000,51.8251693346,218.204266735,0.0153853111044
1066000,53.5837665181,309.851771486,0.0153853111044
1067000,53.11254232,405.077892189,0.0153853111044
1068000,57.0861783568,241.592804541,0.0153853111044
1069000,54.2545561166,322.541834862,0.0153853111044
1070000,40.9365137661,244.515825199,0.0153853111044
1071000,42.8101332481,382.730576943,0.0153853111044
1072000,53.2845400892,248.876131815,0.0153853111044
1073000,45.8677084845,300.345768414,0.0153853111044
1074000,78.3502454971,229.630954195,0.0153853111044
1075000,24.9487871092,243.343736968,0.0153853111044
1076000,43.0329257552,204.732757345,0.0153853111044
1077000,41.6688411609,258.47739738,0.0153853111044
1078000,38.7109117978,441.819130624,0.0153853111044
1079000,66.0908518999,306.087351897,0.0153853111044
1080000,78.6778287289,292.491168993,0.0153853111044
1081000,62.1710982483,224.578024393,0.0153853111044
1082000,65.4413369559,319.152509693,0.0153853111044
1083000,28.2473059994,367.524503222,0.0153853111044
1084000,46.5417866039,260.551072355,0.0153853111044
1085000,48.3812893939,213.69954577,0.0153853111044
1086000,33.8046067969,277.482148745,0.0153853111044
1087000,53.5720854354,271.758005789,0.0153853111044
1088000,37.6022852374,234.324951553,0.0153853111044
1089000,40.7376365332,172.061303371,0.0153853111044
1090000,54.7424588177,328.151855761,0.0153853111044
1091000,38.1332947897,251.651311447,0.0153853111044
1092000,49.0837447092,334.248698953,0.0153853111044
1093000,56.6163302596,319.082547836,0.0153853111044
1094000,64.224639138,276.815220399,0.0153853111044
1095000,34.751058829,268.739495846,0.0153853111044
1096000,48.2044832435,315.963665084,0.0153853111044
1097000,66.7064129959,341.689813229,0.0153853111044
1098000,38.7906887849,411.561600898,0.0153853111044
1099000,56.8672427336,253.030095933,0.0153853111044
1100000,38.1084139134,337.62804781,0.0153853111044
1101000,44.1345871438,282.875411192,0.0153853111044
1102000,80.4585780456,240.801507857,0.0153853111044
1103000,45.4564610136,320.881465593,0.0153853111044
1104000,66.4856655028,216.518031275,0.0153853111044
1105000,42.535372661,350.272959626,0.0153853111044
1106000,41.5042103337,294.833310346,0.0153853111044
1107000,60.3139065249,393.256711833,0.0153853111044
1108000,19.4288265254,268.675328095,0.0153853111044
1109000,38.2053086842,250.868529527,0.0153853111044
1110000,58.7151566368,244.546467473,0.0153853111044
1111000,55.7553427531,285.069151048,0.0153853111044
1112000,36.3125320383,318.925757795,0.0153853111044
1113000,52.5385012093,355.766380455,0.0153853111044
1114000,52.8658773837,248.860596761,0.0153853111044
1115000,58.6173380977,319.919839928,0.0153853111044
1116000,52.3287290649,313.207213886,0.0153853111044
1117000,39.5821904185,248.072621375,0.0153853111044
1118000,74.6096219492,271.678173861,0.0153853111044
1119000,39.4256356066,273.483651605,0.0153853111044
1120000,46.5676774255,483.123220896,0.0153853111044
1121000,43.5170296042,403.994726278,0.0153853111044
1122000,69.3008558761,390.796630899,0.0153853111044
1123000,40.688190141,338.777052366,0.0153853111044
1124000,50.884270481,294.949121978,0.0153853111044
1125000,48.8219795217,202.735242895,0.0153853111044
1126000,45.3531444655,258.62698834,0.0153853111044
1127000,66.4705545426,276.175358911,0.0153853111044
1128000,52.1981250783,284.669342595,0.0153853111044
1129000,50.8212531343,302.044190033,0.0153853111044
1130000,56.6259819615,305.924868863,0.0153853111044
1131000,59.838406192,279.921265076,0.0153853111044
1132000,96.4822800623,283.90912026,0.0153853111044
1133000,31.3528778822,309.640496483,0.0153853111044
1134000,60.5204336749,341.642291388,0.0153853111044
1135000,39.7504092421,365.821025529,0.0153853111044
1136000,61.7054209072,323.652056775,0.0153853111044
1137000,51.0996530471,313.654324329,0.0153853111044
1138000,23.2651018736,354.14692733,0.0153853111044
1139000,78.119661899,250.698016866,0.0153853111044
1140000,58.1350687667,303.210945563,0.0153853111044
1141000,28.8379262336,294.433191882,0.0153853111044
1142000,54.6357512918,365.646504602,0.0153853111044
1143000,52.8542908753,328.600222553,0.0153853111044
1144000,56.2972674851,357.128842665,0.0153853111044
1145000,38.1433032796,335.585659818,0.0153853111044
1146000,94.2913931394,306.807598884,0.0153853111044
1147000,87.5037608338,198.728432237,0.0153853111044
1148000,28.3362754088,251.238292713,0.0153853111044
1149000,29.0289074404,284.410744436,0.0153853111044
1150000,63.6296369589,497.649531932,0.0153853111044
1151000,89.9985187385,275.260555591,0.0153853111044
1152000,49.0777188476,373.653037584,0.0153853111044
1153000,51.3953933381,348.870076577,0.0153853111044
1154000,44.9188568297,413.924254221,0.0153853111044
1155000,53.3504718945,319.085253744,0.0153853111044
1156000,47.6868023014,265.981458981,0.0153853111044
1157000,76.7855081104,293.086360424,0.0153853111044
1158000,64.6640918675,326.745560682,0.0153853111044
1159000,53.9805721575,283.005894196,0.0153853111044
1160000,52.1303717668,177.877554705,0.0153853111044
1161000,75.5867974239,421.41173017,0.0153853111044
1162000,71.2599088867,469.501075866,0.0153853111044
1163000,65.7025326125,206.001301998,0.0153853111044
1164000,85.7674084631,303.146500405,0.0153853111044
1165000,38.6846230079,395.676873716,0.0153853111044
1166000,34.7671310837,219.467793907,0.0153853111044
1167000,45.7543939945,290.758540622,0.0153853111044
1168000,49.457727524,374.693136028,0.0153853111044
1169000,50.211891338,277.357319477,0.0153853111044
1170000,61.2674329813,330.215546012,0.0153853111044
1171000,51.2049953054,219.093044367,0.0153853111044
1172000,52.19044155,239.526358882,0.0153853111044
1173000,87.2338359288,321.994931912,0.0153853111044
1174000,52.0827601811,282.981838451,0.0153853111044
1175000,32.5755079235,294.264812528,0.0153853111044
1176000,49.0258817142,445.92294413,0.0153853111044
1177000,65.2919778458,359.312125742,0.0153853111044
1178000,71.6895392577,352.640801199,0.0153853111044
1179000,46.9796558648,247.040407565,0.0153853111044
1180000,54.7333985648,315.691746427,0.0153853111044
1181000,61.2692327413,258.152152578,0.0153853111044
1182000,50.4714780032,297.968489312,0.0153853111044
1183000,47.0422980166,272.886499524,0.0153853111044
1184000,35.2238500171,184.894913649,0.0153853111044
1185000,56.2663651349,195.297785731,0.0153853111044
1186000,48.7790773201,344.209459884,0.0153853111044
1187000,60.8594572606,392.043457565,0.0153853111044
1188000,51.0631711388,378.977708236,0.0153853111044
1189000,38.8711897421,304.207055413,0.0153853111044
1190000,62.1172689067,195.928029167,0.0153853111044
1191000,46.6328434709,256.167346184,0.0153853111044
1192000,35.1455529338,264.175894456,0.0153853111044
1193000,62.9721937621,247.103034931,0.0153853111044
1194000,57.874587118,225.670967753,0.0153853111044
1195000,50.8556374446,214.979605243,0.0153853111044
1196000,58.6238665606,361.672647524,0.0153853111044
1197000,46.231070078,280.45458612,0.0153853111044
1198000,63.0682083998,237.699180565,0.0153853111044
1199000,60.6641252954,293.685551168,0.0153853111044
1200000,56.4506095514,383.218805715,0.0153853111044
1201000,50.3922376849,184.641482758,0.0153853111044
1202000,63.9184617386,304.529816322,0.0153853111044
1203000,60.362119053,437.669680535,0.0153853111044
1204000,43.0012296544,317.029209783,0.0153853111044
1205000,38.3384706165,388.748184298,0.0153853111044
1206000,40.5417627891,311.064381209,0.0153853111044
1207000,67.4073175457,258.321877637,0.0153853111044
1208000,60.5165908346,267.008394891,0.0153853111044
1209000,48.3963899938,401.461913811,0.0153853111044
1210000,61.6988415313,268.789328082,0.0153853111044
1211000,30.6673621167,238.225513935,0.0153853111044
1212000,42.6357669651,269.057481581,0.0153853111044
1213000,39.1625160334,343.25560386,0.0153853111044
1214000,44.8766069951,356.705611316,0.0153853111044
1215000,49.9334983418,248.78026143,0.0153853111044
1216000,30.4372799888,389.617944541,0.0153853111044
1217000,41.7328169843,189.680217708,0.0153853111044
1218000,37.6538400809,295.449010051,0.0153853111044
1219000,57.1809184591,324.358051989,0.0153853111044
1220000,62.7158068592,231.480727833,0.0153853111044
1221000,36.8495607118,354.127791236,0.0153853111044
1222000,51.3520692047,230.219492478,0.0153853111044
1223000,57.0964087412,253.184517335,0.0153853111044
1224000,57.0830525396,297.397712001,0.0153853111044
1225000,40.3005508007,258.543485623,0.0153853111044
1226000,67.1716309977,284.386601196,0.0153853111044
1227000,68.3992296766,273.493274929,0.0153853111044
1228000,57.9143008854,355.974377525,0.0153853111044
1229000,67.2695946746,296.444257833,0.0153853111044
1230000,67.2056843326,329.378822597,0.0153853111044
1231000,58.4093743408,403.065127979,0.0153853111044
1232000,52.4751843975,213.344707495,0.0153853111044
1233000,45.9701958815,356.636433744,0.0153853111044
1234000,41.9818366407,248.623396295,0.0153853111044
1235000,49.5770034484,253.052676297,0.0153853111044
1236000,38.9296220506,453.851975708,0.0153853111044
1237000,68.3972209103,340.893350584,0.0153853111044
1238000,80.54410011,281.089943603,0.0153853111044
1239000,46.8306384018,313.545609479,0.0153853111044
1240000,58.1345540224,342.204228842,0.0153853111044
1241000,61.8688277775,568.1343968,0.0153853111044
1242000,61.1037591152,247.132410038,0.0153853111044
1243000,60.5700897436,196.687916439,0.0153853111044
1244000,49.4959658046,244.464465899,0.0153853111044
1245000,58.7167698569,225.691288922,0.0153853111044
1246000,35.5483198413,264.248044581,0.0153853111044
1247000,53.083000109,249.112706903,0.0153853111044
1248000,43.0320228965,292.630211926,0.0153853111044
1249000,61.1387979434,237.732050572,0.0153853111044
1250000,76.6595832291,345.254419884,0.0153853111044
1251000,41.7462294214,252.087087407,0.0153853111044
1252000,64.292714874,325.766023414,0.0153853111044
1253000,45.0356736065,233.840966066,0.0153853111044
1254000,45.516299879,368.135737295,0.0153853111044
1255000,48.9905465239,321.942319839,0.0153853111044
1256000,50.5114908328,230.076961597,0.0153853111044
1257000,36.2063878919,215.932855828,0.0153853111044
1258000,52.0182986602,271.709174774,0.0153853111044
1259000,53.8459171363,219.760330993,0.0153853111044
1260000,56.2668976532,198.166708949,0.0153853111044
1261000,70.7182392734,369.738199343,0.0153853111044
1262000,54.3050223171,331.002208841,0.0153853111044
1263000,57.4203535602,287.828537052,0.0153853111044
1264000,49.633565202,353.250489744,0.0153853111044
1265000,83.5033104811,387.6207922,0.0153853111044
1266000,44.8623515412,371.649475608,0.0153853111044
1267000,45.9676664947,306.141689101,0.0153853111044
1268000,64.2727266142,263.095998164,0.0153853111044
1269000,36.226294839,367.73056501,0.0153853111044
1270000,37.4142960215,324.430254824,0.0153853111044
1271000,55.0194395095,365.099725377,0.0153853111044
1272000,49.3941706898,272.470939794,0.0153853111044
1273000,55.3115968181,282.543775236,0.0153853111044
1274000,54.203792186,339.059731955,0.0153853111044
1275000,54.5762100621,293.893919299,0.0153853111044
1276000,35.5648401473,238.389506196,0.0153853111044
1277000,57.5471837836,303.309331171,0.0153853111044
1278000,51.2212999203,303.413013091,0.0153853111044
1279000,64.7219199897,225.215316447,0.0153853111044
1280000,39.747677474,257.355336263,0.0153853111044
1281000,54.6391215016,354.135956022,0.0153853111044
1282000,50.7489797312,420.942941561,0.0153853111044
1283000,53.1149657052,276.011327535,0.0153853111044
1284000,50.8704506793,383.427122315,0.0153853111044
1285000,67.8939460383,248.789423904,0.0153853111044
1286000,65.4564231867,345.905305419,0.0153853111044
1287000,63.1144738539,331.596443857,0.0153853111044
1288000,41.6321474263,373.607499277,0.0153853111044
1289000,80.8520429527,284.201407642,0.0153853111044
1290000,59.3162982808,316.67445697,0.0153853111044
1291000,52.4664177524,297.456886904,0.0153853111044
1292000,55.4137843202,336.886522029,0.0153853111044
1293000,33.2622514315,344.86094916,0.0153853111044
1294000,77.5048942953,324.302396752,0.0153853111044
1295000,58.5518385394,339.106299566,0.0153853111044
1296000,54.9940429432,151.987498197,0.0153853111044
1297000,47.3905958562,225.516103464,0.0153853111044
1298000,39.1585282426,383.989551149,0.0153853111044
1299000,50.3133317034,283.437236215,0.0153853111044
1300000,63.8169067044,259.712586255,0.0153853111044
1301000,45.0141263912,276.146461159,0.0153853111044
1302000,29.7820801828,315.838009628,0.0153853111044
1303000,60.6634188473,189.150700637,0.0153853111044
1304000,48.828235146,320.471447076,0.0153853111044
1305000,62.956945883,352.800441327,0.0153853111044
1306000,42.7327773583,328.334087388,0.0153853111044
1307000,44.5355149504,326.599036108,0.0153853111044
1308000,58.2539548233,269.466544659,0.0153853111044
1309000,58.5743521825,273.35727492,0.0153853111044
1310000,48.3131530713,293.877395711,0.0153853111044
1311000,50.0084265612,202.02841365,0.0153853111044
1312000,38.0119068676,237.144940722,0.0153853111044
1313000,57.3653349454,455.505067062,0.0153853111044
1314000,48.7984286753,281.322601272,0.0153853111044
1315000,56.1303963955,344.767612121,0.0153853111044
1316000,40.0341686763,278.891464889,0.0153853111044
1317000,56.8317279393,295.79442021,0.0153853111044
1318000,36.6335472964,273.136064866,0.0153853111044
1319000,47.6351980616,204.358880954,0.0153853111044
1320000,36.0796870665,269.456319227,0.0153853111044
1321000,45.2415205447,364.537906801,0.0153853111044
1322000,41.8457233144,415.959945825,0.0153853111044
1323000,45.5148065884,298.923937749,0.0153853111044
1324000,39.1034404414,356.745881292,0.0153853111044
1325000,65.8713203499,329.739696417,0.0153853111044
1326000,60.3070670649,328.021707315,0.0153853111044
1327000,50.3345005808,299.908601837,0.0153853111044
1328000,46.7839959958,278.632674281,0.0153853111044
1329000,87.3230397524,386.636765699,0.0153853111044
1330000,35.8541777559,265.158992909,0.0153853111044
1331000,45.5753026221,398.178500863,0.0153853111044
1332000,58.6278274158,290.238333015,0.0153853111044
1333000,86.0520652168,309.268610939,0.0153853111044
1334000,69.2986794086,323.974582671,0.0153853111044
1335000,48.4639367314,259.057728302,0.0153853111044
1336000,45.6748332998,251.614036071,0.0153853111044
1337000,43.5345906707,279.666502901,0.0153853111044
1338000,52.6447309005,310.604044426,0.0153853111044
1339000,50.1187474932,294.118388492,0.0153853111044
1340000,50.8784002937,244.443196711,0.0153853111044
1341000,39.905684988,335.802735696,0.0153853111044
1342000,58.1238332406,341.966736406,0.0153853111044
1343000,40.8968910629,355.10058828,0.0153853111044
1344000,56.5013706828,258.128305394,0.0153853111044
1345000,52.5929800838,297.186954339,0.0153853111044
1346000,51.8266994662,370.969014488,0.0153853111044
1347000,64.6503094309,425.40412206,0.0153853111044
1348000,55.3718640387,216.594198812,0.0153853111044
1349000,52.2459657036,171.445152752,0.0153853111044
1350000,60.8328649228,254.744006248,0.0153853111044
1351000,68.7437112778,284.597785987,0.0153853111044
1352000,36.6599045416,276.838907293,0.0153853111044
1353000,46.9924921601,227.113741854,0.0153853111044
1354000,45.163862106,342.724757836,0.0153853111044
1355000,45.7517606906,379.524103913,0.0153853111044
1356000,74.4727585972,297.346023224,0.0153853111044
1357000,45.8983651572,236.143373963,0.0153853111044
1358000,74.5652696936,300.336887614,0.0153853111044
1359000,61.7131295534,276.246762972,0.0153853111044
1360000,26.7315605826,281.142136875,0.0153853111044
1361000,32.5512922485,318.200007335,0.0153853111044
1362000,55.9849168966,292.114639167,0.0153853111044
1363000,49.3046910305,307.307774317,0.0153853111044
1364000,54.0398465512,477.912560362,0.0153853111044
1365000,62.5466564274,337.298063522,0.0153853111044
1366000,33.6696309284,295.608857983,0.0153853111044
1367000,36.1278978733,331.277568959,0.0153853111044
1368000,71.3629486833,300.123989404,0.0153853111044
1369000,59.6916993272,229.408922819,0.0153853111044
1370000,38.0211471783,249.636473125,0.0153853111044
1371000,52.0940076125,253.73113605,0.0153853111044
1372000,46.1235677717,402.854870985,0.0153853111044
1373000,49.1615341341,294.500785463,0.0153853111044
1374000,54.1739548548,360.79026034,0.0153853111044
1375000,57.3211855926,205.597541801,0.0153853111044
1376000,43.7827716106,261.722200803,0.0153853111044
1377000,37.8677212071,283.006931388,0.0153853111044
1378000,46.8979605428,327.608682048,0.0153853111044
1379000,43.5892386732,315.174589425,0.0153853111044
1380000,53.6300145908,282.154413397,0.0153853111044
1381000,45.2727542578,212.30792136,0.0153853111044
1382000,68.8844217772,234.230340854,0.0153853111044
1383000,78.6307125548,243.56330619,0.0153853111044
1384000,40.9270552367,237.825611257,0.0153853111044
1385000,63.1651752204,321.992359024,0.0153853111044
1386000,57.4335567521,407.796647988,0.0153853111044
1387000,78.0096535396,332.690091123,0.0153853111044
1388000,52.0030507123,270.368602009,0.0153853111044
1389000,56.0141457829,319.52153016,0.0153853111044
1390000,39.0431323696,176.266352196,0.0153853111044
1391000,46.1485831071,192.384320992,0.0153853111044
1392000,34.6882016418,282.936757613,0.0153853111044
1393000,55.7323761932,316.509161845,0.0153853111044
1394000,55.0355624562,331.308670495,0.0153853111044
1395000,59.1306383179,230.663490616,0.0153853111044
1396000,37.357990565,243.218467389,0.0153853111044
1397000,86.9250606043,383.188544949,0.0153853111044
1398000,72.3985470173,358.862142073,0.0153853111044
1399000,45.1788947205,360.773557412,0.0153853111044
1400000,32.7551825001,271.511730219,0.0153853111044
1401000,47.4354471132,294.081972298,0.0153853111044
1402000,70.3749906345,268.997592468,0.0153853111044
1403000,56.4127486784,403.948533489,0.0153853111044
1404000,56.9644002742,322.786192795,0.0153853111044
1405000,50.9946315858,282.639618279,0.0153853111044
1406000,51.4479640621,290.174308297,0.0153853111044
1407000,84.4417350533,492.850700632,0.0153853111044
1408000,51.5503553476,374.36507442,0.0153853111044
1409000,45.0177961904,285.899955097,0.0153853111044
1410000,71.9917957393,394.88185406,0.0153853111044
1411000,60.324377365,365.896240989,0.0153853111044
1412000,62.3966912597,256.188111112,0.0153853111044
1413000,57.8830470853,249.171697699,0.0153853111044
1414000,74.94308139,296.829818867,0.0153853111044
1415000,50.2294613213,287.092078138,0.0153853111044
1416000,48.7188778774,314.224179643,0.0153853111044
1417000,59.9011314421,206.554497401,0.0153853111044
1418000,77.8983532128,361.09874229,0.0153853111044
1419000,64.9777985345,221.73696436,0.0153853111044
1420000,63.0822046633,376.889751575,0.0153853111044
1421000,43.5633743622,269.515471648,0.0153853111044
1422000,73.2330662806,213.934253864,0.0153853111044
1423000,47.0963869875,254.789651355,0.0153853111044
1424000,77.0554844612,271.785453918,0.0153853111044
1425000,87.1360349897,382.723525409,0.0153853111044
1426000,70.1103926781,283.748858381,0.0153853111044
1427000,68.2779063954,285.009932168,0.0153853111044
1428000,59.0096358971,333.575743467,0.0153853111044
1429000,92.7009066104,312.80091564,0.0153853111044
1430000,63.7342978157,372.252866503,0.0153853111044
1431000,84.2827770888,308.16815883,0.0153853111044
1432000,56.8865455775,247.657405741,0.0153853111044
1433000,44.6206543047,196.263096071,0.0153853111044
1434000,39.3672155619,248.158751865,0.0153853111044
1435000,63.6934968582,283.924404347,0.0153853111044
1436000,66.1831886262,424.999613968,0.0153853111044
1437000,51.5551828256,203.218443798,0.0153853111044
1438000,44.4759302466,255.719676643,0.0153853111044
1439000,68.4536607846,211.296477362,0.0153853111044
1440000,34.0553564698,253.006573605,0.0153853111044
1441000,43.585730989,290.809350833,0.0153853111044
1442000,82.5013209846,295.497988234,0.0153853111044
1443000,61.9562317124,280.004446054,0.0153853111044
1444000,55.9476314499,274.858183614,0.0153853111044
1445000,71.1542443053,290.015937729,0.0153853111044
1446000,54.7237862415,307.465360897,0.0153853111044
1447000,64.8037748502,275.382195334,0.0153853111044
1448000,96.9241111691,235.437210959,0.0153853111044
1449000,54.9745665247,231.866043288,0.0153853111044
1450000,64.7409863195,120.615530295,0.0153853111044
1451000,60.2990363457,262.083646632,0.0153853111044
1452000,44.0832245794,297.676823785,0.0153853111044
1453000,47.1641804254,248.052563044,0.0153853111044
1454000,42.3262809328,305.813772241,0.0153853111044
1455000,54.2560100319,328.204462129,0.0153853111044
1456000,69.077862126,328.528184243,0.0153853111044
1457000,63.0146393767,277.984484606,0.0153853111044
1458000,78.9485485636,322.527243883,0.0153853111044
1459000,56.3496701386,325.230267358,0.0153853111044
1460000,55.374439991,290.415319063,0.0153853111044
1461000,53.7636196668,328.907064884,0.0153853111044
1462000,61.3730939524,289.927671065,0.0153853111044
1463000,70.1683147711,208.367517971,0.0153853111044
1464000,54.0386639288,308.850332042,0.0153853111044
1465000,42.1930406821,333.639880973,0.0153853111044
1466000,64.1107100079,336.052379932,0.0153853111044
1467000,47.5697254626,246.168119792,0.0153853111044
1468000,53.0107647403,320.571051693,0.0153853111044
1469000,53.5191032048,412.793663822,0.0153853111044
1470000,58.2844539233,238.780695662,0.0153853111044
1471000,56.1661756127,320.312310611,0.0153853111044
1472000,68.4885053296,229.687426604,0.0153853111044
1473000,57.1936279692,291.855036868,0.0153853111044
1474000,49.9976793803,222.560132754,0.0153853111044
1475000,49.4570681624,254.480226157,0.0153853111044
1476000,40.1271444758,195.393371589,0.0153853111044
1477000,47.5449356594,260.395915061,0.0153853111044
1478000,45.2701133046,332.751792315,0.0153853111044
1479000,50.783559701,387.224845969,0.0153853111044
1480000,35.3192143462,362.395093693,0.0153853111044
1481000,27.212576057,182.18262104,0.0153853111044
1482000,50.5769127982,276.556519751,0.0153853111044
1483000,40.0667594127,257.177532225,0.0153853111044
1484000,41.2985579188,334.74060544,0.0153853111044
1485000,53.6070339688,302.878666322,0.0153853111044
1486000,56.9843931671,197.811379653,0.0153853111044
1487000,54.5246393279,213.503093532,0.0153853111044
1488000,65.2708696134,203.754661067,0.0153853111044
1489000,43.5539642892,247.786745485,0.0153853111044
1490000,44.102596028,243.875321005,0.0153853111044
1491000,51.4311235386,263.003042552,0.0153853111044
1492000,39.8821338509,290.000804947,0.0153853111044
1493000,48.835655613,314.287236241,0.0153853111044
1494000,37.5190923013,283.279299861,0.0153853111044
1495000,56.64829345,293.411616481,0.0153853111044
1496000,49.4322325257,234.977197204,0.0153853111044
1497000,48.7280840216,248.976380299,0.0153853111044
1498000,47.1299189813,224.749441797,0.0153853111044
1499000,45.1660786243,308.368003813,0.0153853111044
1500000,37.9059710763,243.796372983,0.0153853111044
1501000,64.0705368218,316.229877513,0.0153853111044
1502000,48.4708612633,320.838868806,0.0153853111044
1503000,55.2416598631,252.914970609,0.0153853111044
1504000,42.131144278,379.187625621,0.0153853111044
1505000,60.6006725879,274.633885858,0.0153853111044
1506000,30.62546395,283.195455409,0.0153853111044
1507000,46.1974834365,208.335072812,0.0153853111044
1508000,48.6485837951,266.301313467,0.0153853111044
1509000,56.9392731652,234.889163762,0.0153853111044
1510000,51.8496948605,267.39018699,0.0153853111044
1511000,50.7489862345,182.1291286,0.0153853111044
1512000,87.1875621229,256.223441558,0.0153853111044
1513000,38.039331847,252.33446129,0.0153853111044
1514000,50.4656291675,250.775627422,0.0153853111044
1515000,51.5718581235,260.340138795,0.0153853111044
1516000,59.328669829,265.338900252,0.0153853111044
1517000,54.0972195151,384.932233499,0.0153853111044
1518000,48.7781113465,260.696201702,0.0153853111044
1519000,43.2158261851,329.129104542,0.0153853111044
1520000,42.556847489,412.82423495,0.0153853111044
1521000,61.3017324125,395.608460972,0.0153853111044
1522000,28.7849227092,234.227976533,0.0153853111044
1523000,48.009772359,274.308745935,0.0153853111044
1524000,66.031848352,189.240461349,0.0153853111044
1525000,49.9721415261,336.801252728,0.0153853111044
1526000,45.8970650782,274.071760707,0.0153853111044
1527000,58.0023765583,317.437131032,0.0153853111044
1528000,43.6044913967,331.91970656,0.0153853111044
1529000,57.7603865623,269.799926006,0.0153853111044
1530000,79.5286539645,317.31309078,0.0153853111044
1531000,45.5837804535,316.614773848,0.0153853111044
1532000,51.1411041801,421.672937307,0.0153853111044
1533000,51.32121355,574.225574463,0.0153853111044
1534000,56.192691259,254.428374467,0.0153853111044
1535000,49.0337603264,241.266153025,0.0153853111044
1536000,36.6020473365,220.351603936,0.0153853111044
1537000,53.5580108341,497.031168303,0.0153853111044
1538000,52.756220165,180.496461934,0.0153853111044
1539000,56.7946321645,330.226944951,0.0153853111044
1540000,48.010280201,328.013802945,0.0153853111044
1541000,44.7224877486,251.182818963,0.0153853111044
1542000,46.937607109,231.713523955,0.0153853111044
1543000,50.3807220852,267.838415419,0.0153853111044
1544000,48.5992294747,287.208549284,0.0153853111044
1545000,50.9793274699,203.891669235,0.0153853111044
1546000,46.2019949397,376.647193975,0.0153853111044
1547000,46.2086841293,359.483828466,0.0153853111044
1548000,47.9028439418,442.724947667,0.0153853111044
1549000,66.6776807884,348.564842213,0.0153853111044
1550000,56.4758767853,297.21687122,0.0153853111044
1551000,49.4691826819,252.486086325,0.0153853111044
1552000,36.4393867719,194.347010991,0.0153853111044
1553000,43.9551908321,450.138821941,0.0153853111044
1554000,82.9839289886,334.088378119,0.0153853111044
1555000,45.5018865755,311.988489502,0.0153853111044
1556000,46.1285927881,337.958125941,0.0153853111044
1557000,76.7110502535,261.065179701,0.0153853111044
1558000,30.5705644123,174.301486552,0.0153853111044
1559000,43.2235604638,327.118735418,0.0153853111044
1560000,62.3611810167,303.278771689,0.0153853111044
1561000,44.4352882938,356.183274816,0.0153853111044
1562000,65.4981038101,351.663612043,0.0153853111044
1563000,48.0378745144,245.837863191,0.0153853111044
1564000,41.3111685492,254.639005848,0.0153853111044
1565000,55.0407610584,211.821150064,0.0153853111044
1566000,51.6629153429,296.632458508,0.0153853111044
1567000,54.3065884205,294.517740461,0.0153853111044
1568000,49.0693089821,309.870465167,0.0153853111044
1569000,48.033398701,233.367277779,0.0153853111044
1570000,55.6902724823,343.845802681,0.0153853111044
1571000,45.4783062848,261.573812692,0.0153853111044
1572000,60.1828207211,457.74819586,0.0153853111044
1573000,60.4486091686,348.188682986,0.0153853111044
1574000,63.7576051829,401.908301259,0.0153853111044
1575000,74.0918170706,371.273842676,0.0153853111044
1576000,57.4209073149,335.297138027,0.0153853111044
1577000,30.159668372,315.173642767,0.0153853111044
1578000,47.8581178519,195.923360246,0.0153853111044
1579000,54.4538237093,393.232526034,0.0153853111044
1580000,62.4186186131,229.634471605,0.0153853111044
1581000,61.7603508251,268.942748986,0.0153853111044
1582000,64.5319092192,386.521439812,0.0153853111044
1583000,44.7563590328,364.67208461,0.0153853111044
1584000,53.1715306152,325.3653197,0.0153853111044
1585000,49.6547895283,228.308470812,0.0153853111044
1586000,44.8493351366,291.510010253,0.0153853111044
1587000,50.0505681075,253.982896668,0.0153853111044
1588000,51.8370106687,332.343051204,0.0153853111044
1589000,50.0784290151,279.224378704,0.0153853111044
1590000,33.4285808552,387.450656781,0.0153853111044
1591000,59.9797566416,356.35661536,0.0153853111044
1592000,31.1168106824,392.73870683,0.0153853111044
1593000,51.1092456113,232.510013739,0.0153853111044
1594000,40.4770348381,318.512737071,0.0153853111044
1595000,49.1236632192,247.349028002,0.0153853111044
1596000,63.8061467299,328.409506948,0.0153853111044
1597000,72.0435065419,270.297770137,0.0153853111044
1598000,45.6532240493,261.566624824,0.0153853111044
1599000,62.1977618747,224.145051353,0.0153853111044
1600000,26.9863304631,250.592390218,0.0153853111044
1601000,72.7187587909,360.359620946,0.0153853111044
1602000,43.351745071,332.901215748,0.0153853111044
1603000,67.9695302188,315.307550794,0.0153853111044
1604000,32.6321413544,224.724797053,0.0153853111044
1605000,46.8688213433,355.950391831,0.0153853111044
1606000,50.4160125314,241.707634384,0.0153853111044
1607000,36.5156623265,348.195705119,0.0153853111044
1608000,49.200073341,309.421710079,0.0153853111044
1609000,39.470803696,249.735908069,0.0153853111044
1610000,45.3848762499,415.950141218,0.0153853111044
1611000,56.9718238933,301.439103188,0.0153853111044
1612000,65.5815501598,321.561570027,0.0153853111044
1613000,56.8560709368,297.478058582,0.0153853111044
1614000,42.9876627642,312.102735701,0.0153853111044
1615000,53.1800674183,325.916004726,0.0153853111044
1616000,55.6147158166,195.959296914,0.0153853111044
1617000,35.0381030112,262.720751848,0.0153853111044
1618000,42.7340596506,277.122309654,0.0153853111044
1619000,61.137670973,297.357920334,0.0153853111044
1620000,69.2929110369,358.517320941,0.0153853111044
1621000,62.1086306661,307.56386169,0.0153853111044
1622000,52.4514127483,355.209167014,0.0153853111044
1623000,27.2962279457,403.399628687,0.0153853111044
1624000,62.6824513113,254.730507296,0.0153853111044
1625000,36.3509917859,299.588762913,0.0153853111044
1626000,62.4385479007,376.023375116,0.0153853111044
1627000,59.3437787766,264.686322777,0.0153853111044
1628000,66.5950330808,303.584345594,0.0153853111044
1629000,39.4859083434,318.182181005,0.0153853111044
1630000,54.0122302533,315.594271231,0.0153853111044
1631000,54.9891204572,255.660682398,0.0153853111044
1632000,48.9430365787,300.185969508,0.0153853111044
1633000,47.1095699993,288.715516991,0.0153853111044
1634000,41.5925156419,373.567053309,0.0153853111044
1635000,56.1949862471,218.991724121,0.0153853111044
1636000,71.1289010504,273.88992526,0.0153853111044
1637000,56.6460544529,271.714982131,0.0153853111044
1638000,41.7479374715,357.429907697,0.0153853111044
1639000,76.3031579842,366.140785439,0.0153853111044
1640000,53.9510305447,373.422012772,0.0153853111044
1641000,60.4163031251,273.338048381,0.0153853111044
1642000,52.1323253913,279.707912397,0.0153853111044
1643000,50.0369809382,339.470772966,0.0153853111044
1644000,51.1882362574,252.180161528,0.0153853111044
1645000,69.4925372909,263.101157594,0.0153853111044
1646000,53.9210418397,333.826058308,0.0153853111044
1647000,100.577064325,212.841466213,0.0153853111044
1648000,42.0534349502,378.477246131,0.0153853111044
1649000,46.6051049933,394.471985916,0.0153853111044
1650000,43.5536164918,399.216199391,0.0153853111044
1651000,67.2817404942,210.691372874,0.0153853111044
1652000,38.1903572653,161.299129264,0.0153853111044
1653000,67.0551124808,151.588317102,0.0153853111044
1654000,63.0849962891,291.586894301,0.0153853111044
1655000,29.4887444732,246.323071721,0.0153853111044
1656000,56.3331441638,287.646770083,0.0153853111044
1657000,48.4317885146,192.395071234,0.0153853111044
1658000,55.3081832436,191.725802241,0.0153853111044
1659000,32.5393525981,158.662255303,0.0153853111044
1660000,75.5944543035,277.912663982,0.0153853111044
1661000,50.996191194,327.060643229,0.0153853111044
1662000,49.2461959514,307.490762774,0.0153853111044
1663000,82.3968500332,323.103556338,0.0153853111044
1664000,72.3533705803,235.966055025,0.0153853111044
1665000,53.0637851006,284.727806425,0.0153853111044
1666000,65.8420251581,202.016827368,0.0153853111044
1667000,48.4342872243,226.890150129,0.0153853111044
1668000,50.4434133607,299.520968037,0.0153853111044
1669000,75.7839411525,223.737842196,0.0153853111044
1670000,42.4847424848,281.469058093,0.0153853111044
1671000,38.5775734968,228.850581048,0.0153853111044
1672000,46.4218368621,217.083371605,0.0153853111044
1673000,34.4640601091,347.916468875,0.0153853111044
1674000,60.8977272184,263.166691445,0.0153853111044
1675000,43.2869310427,314.462315023,0.0153853111044
1676000,97.3410356864,293.126960992,0.0153853111044
1677000,46.4238623046,278.301026749,0.0153853111044
1678000,61.4585110305,237.456631833,0.0153853111044
1679000,67.277173967,315.784034972,0.0153853111044
1680000,54.9496658226,219.74388365,0.0153853111044
1681000,37.6526300037,250.576974623,0.0153853111044
1682000,61.6780468911,271.021346745,0.0153853111044
1683000,56.1338386777,380.442153905,0.0153853111044
1684000,64.1896369154,216.330974409,0.0153853111044
1685000,53.691918218,334.184075997,0.0153853111044
1686000,91.5443830036,314.742957603,0.0153853111044
1687000,41.3049835795,248.076023816,0.0153853111044
1688000,34.8389648775,420.739388734,0.0153853111044
1689000,59.1721841305,218.387860659,0.0153853111044
1690000,53.6824799796,463.955477269,0.0153853111044
1691000,41.0241272191,273.852278464,0.0153853111044
1692000,84.343008664,280.584608288,0.0153853111044
1693000,59.1211661174,322.849945051,0.0153853111044
1694000,37.8261849339,248.4744979,0.0153853111044
1695000,51.0909962502,312.303211622,0.0153853111044
1696000,70.7835964013,278.217200648,0.0153853111044
1697000,66.0363668273,230.666669618,0.0153853111044
1698000,65.0883285376,253.393114758,0.0153853111044
1699000,46.320449425,225.769679702,0.0153853111044
1700000,57.1911229238,223.481040345,0.0153853111044
1701000,37.6834983446,274.459746887,0.0153853111044
1702000,56.8905693132,388.051232337,0.0153853111044
1703000,47.8477846337,379.455145462,0.0153853111044
1704000,75.6852441526,255.958416311,0.0153853111044
1705000,65.0582468683,349.213165492,0.0153853111044
1706000,66.867098658,288.20722467,0.0153853111044
1707000,61.1481374216,310.12244609,0.0153853111044
1708000,53.7838141715,450.746516127,0.0153853111044
1709000,41.0083386577,314.065254727,0.0153853111044
1710000,62.601375149,192.350359448,0.0153853111044
1711000,54.3998002897,290.866447719,0.0153853111044
1712000,30.2915622961,394.08204253,0.0153853111044
1713000,69.8784785102,362.945027897,0.0153853111044
1714000,72.616700095,364.945889104,0.0153853111044
1715000,74.9084692291,340.637380387,0.0153853111044
1716000,64.3379861677,282.181588936,0.0153853111044
1717000,53.2162437183,270.07810861,0.0153853111044
1718000,50.1128316578,257.134936806,0.0153853111044
1719000,51.4581531432,345.398050491,0.0153853111044
1720000,53.2332143273,372.011439115,0.0153853111044
1721000,59.9878249791,297.286233819,0.0153853111044
1722000,73.7529994198,467.694298963,0.0153853111044
1723000,33.9345694403,400.538508763,0.0153853111044
1724000,49.3210572575,233.661990651,0.0153853111044
1725000,71.0355696496,228.51077017,0.0153853111044
1726000,44.6105084116,266.818419625,0.0153853111044
1727000,81.373962074,315.539240452,0.0153853111044
1728000,58.3892272886,357.775852475,0.0153853111044
1729000,68.9159634995,327.669040649,0.0153853111044
1730000,27.650747668,442.629649308,0.0153853111044
1731000,83.0696708245,264.017354833,0.0153853111044
1732000,61.7476793469,270.964391006,0.0153853111044
1733000,57.1133961338,350.893245563,0.0153853111044
1734000,48.5164168921,226.630407433,0.0153853111044
1735000,51.2988378574,387.336191591,0.0153853111044
1736000,30.4976715202,222.857556283,0.0153853111044
1737000,67.0544222521,213.667918173,0.0153853111044
1738000,51.3093240578,285.87496571,0.0153853111044
1739000,64.3889922467,348.3226153,0.0153853111044
1740000,45.3578625175,338.352994228,0.0153853111044
1741000,53.4371482116,308.39349804,0.0153853111044
1742000,51.1718642474,423.877713965,0.0153853111044
1743000,57.4856212204,291.885577493,0.0153853111044
1744000,32.6410280729,247.36252088,0.0153853111044
1745000,43.2115927057,264.769464707,0.0153853111044
1746000,62.3519371447,226.174649286,0.0153853111044
1747000,39.5774544369,258.91752832,0.0153853111044
1748000,51.2743236307,305.64786586,0.0153853111044
1749000,51.1522890746,215.798943085,0.0153853111044
1750000,52.1197849032,248.21063485,0.0153853111044
1751000,92.1262655263,242.103798438,0.0153853111044
1752000,58.7130868642,370.090736241,0.0153853111044
1753000,80.5444703494,275.523951324,0.0153853111044
1754000,66.7789021081,386.802760733,0.0153853111044
1755000,52.3074369653,465.158632732,0.0153853111044
1756000,63.3472405656,254.5504459,0.0153853111044
1757000,45.5523619589,352.020436465,0.0153853111044
1758000,53.4262727664,295.178844027,0.0153853111044
1759000,58.1607683388,335.749605648,0.0153853111044
1760000,60.0959071362,362.214292077,0.0153853111044
1761000,54.6593122106,289.5245757,0.0153853111044
1762000,52.4622843316,239.938907153,0.0153853111044
1763000,70.1807695932,384.077213885,0.0153853111044
1764000,41.2435742064,388.082294081,0.0153853111044
1765000,81.5487240294,166.367536463,0.0153853111044
1766000,50.3805769718,318.508108658,0.0153853111044
1767000,29.6146279293,216.835458532,0.0153853111044
1768000,49.5509106403,287.872360666,0.0153853111044
1769000,56.329892556,246.92714501,0.0153853111044
1770000,53.940045105,337.450736838,0.0153853111044
1771000,57.8884887985,264.870657377,0.0153853111044
1772000,59.8190813969,313.460046943,0.0153853111044
1773000,56.7856136372,329.244143273,0.0153853111044
1774000,47.9662293831,248.981488914,0.0153853111044
1775000,46.3965818967,263.320453725,0.0153853111044
1776000,63.1188928902,329.884750085,0.0153853111044
1777000,35.3388967194,315.9033788,0.0153853111044
1778000,72.9265402104,298.08537137,0.0153853111044
1779000,58.2396732585,363.406935914,0.0153853111044
1780000,48.6251490267,406.657168686,0.0153853111044
1781000,58.1253460296,182.967645722,0.0153853111044
1782000,38.5083265175,334.694430302,0.0153853111044
1783000,36.0015877603,401.783303295,0.0153853111044
1784000,62.8030377597,198.757410036,0.0153853111044
1785000,54.2304734804,351.733323746,0.0153853111044
1786000,39.7160848744,404.355672292,0.0153853111044
1787000,68.3604029811,316.904850303,0.0153853111044
1788000,85.3484247946,168.773915799,0.0153853111044
1789000,43.5551646189,302.826161587,0.0153853111044
1790000,51.2741955238,270.295072939,0.0153853111044
1791000,69.4047012747,320.936575368,0.0153853111044
1792000,48.0849971449,271.434179589,0.0153853111044
1793000,38.2483215809,339.173855671,0.0153853111044
1794000,58.5700976838,235.088661659,0.0153853111044
1795000,40.005075386,393.600780454,0.0153853111044
1796000,37.556069807,266.748069026,0.0153853111044
1797000,36.570516698,288.969733189,0.0153853111044
1798000,55.0152674661,292.015036021,0.0153853111044
1799000,56.8918726132,282.940318711,0.0153853111044
1800000,54.1823003365,159.255527134,0.0153853111044
1801000,42.1399486403,206.160179487,0.0153853111044
1802000,38.6092626077,266.82633512,0.0153853111044
1803000,78.4303602792,205.708019146,0.0153853111044
1804000,61.4757227345,285.518912942,0.0153853111044
1805000,56.2720536789,259.913382501,0.0153853111044
1806000,46.1098444182,393.08824854,0.0153853111044
1807000,64.1635551064,263.546426144,0.0153853111044
1808000,55.915816315,208.548079585,0.0153853111044
1809000,37.2585872804,342.457008381,0.0153853111044
1810000,32.1019448291,375.604398619,0.0153853111044
1811000,46.2578899039,334.731607328,0.0153853111044
1812000,32.1232764245,195.070350282,0.0153853111044
1813000,66.0820539182,312.734569911,0.0153853111044
1814000,43.8303358196,330.256745686,0.0153853111044
1815000,34.7935532407,297.044683208,0.0153853111044
1816000,45.3327672436,331.888019495,0.0153853111044
1817000,61.1297035403,283.767950945,0.0153853111044
1818000,52.9098485606,226.415073982,0.0153853111044
1819000,59.47430895,436.800905906,0.0153853111044
1820000,52.1798860705,369.458104854,0.0153853111044
1821000,63.9743200145,353.070820324,0.0153853111044
1822000,48.6363328176,317.748959877,0.0153853111044
1823000,47.2357130471,333.387903147,0.0153853111044
1824000,41.2311783591,317.814035435,0.0153853111044
1825000,48.2444066547,305.003494855,0.0153853111044
1826000,92.2411928572,252.247847705,0.0153853111044
1827000,39.2245306556,298.996050588,0.0153853111044
1828000,62.9992640816,188.370864603,0.0153853111044
1829000,70.4834748054,349.024277489,0.0153853111044
1830000,58.2240560117,214.407031882,0.0153853111044
1831000,97.2174691139,303.988885407,0.0153853111044
1832000,38.8210672043,405.449474934,0.0153853111044
1833000,69.6291613314,226.469115273,0.0153853111044
1834000,51.1356463592,301.387656091,0.0153853111044
1835000,50.0101021292,258.461798477,0.0153853111044
1836000,33.2439332878,262.580501544,0.0153853111044
1837000,69.4637675308,183.760612122,0.0153853111044
1838000,56.1739835014,194.16376353,0.0153853111044
1839000,32.6475881673,357.805277931,0.0153853111044
1840000,45.8147726113,268.031310948,0.0153853111044
1841000,42.7322826734,217.134500243,0.0153853111044
1842000,60.4286796988,283.205650858,0.0153853111044
1843000,46.1314052209,219.895087575,0.0153853111044
1844000,51.7083686102,355.872403073,0.0153853111044
1845000,49.931904246,210.263645161,0.0153853111044
1846000,38.5313224681,226.001078095,0.0153853111044
1847000,51.9331146246,384.103115001,0.0153853111044
1848000,63.9691848852,294.706255083,0.0153853111044
1849000,49.3553020086,352.833106138,0.0153853111044
1850000,49.8853311899,356.051963617,0.0153853111044
1851000,46.243617224,228.9968926,0.0153853111044
1852000,40.4717700799,365.98079255,0.0153853111044
1853000,50.3000892413,264.690086617,0.0153853111044
1854000,47.5155448202,218.446050145,0.0153853111044
1855000,57.9692073711,327.467632798,0.0153853111044
1856000,54.9061623393,297.722046114,0.0153853111044
1857000,62.6642809914,336.075794791,0.0153853111044
1858000,52.413593833,285.592996975,0.0153853111044
1859000,28.5153894289,327.84316769,0.0153853111044
1860000,54.7649061644,382.178506777,0.0153853111044
1861000,41.0389434441,324.588794252,0.0153853111044
1862000,50.753327137,397.275784438,0.0153853111044
1863000,49.3884521193,379.748432512,0.0153853111044
1864000,43.4494228114,314.071053296,0.0153853111044
1865000,35.1049088117,524.460280416,0.0153853111044
1866000,47.7602012064,330.182360272,0.0153853111044
1867000,63.2664483503,374.802688797,0.0153853111044
1868000,44.9903232912,385.128894842,0.0153853111044
1869000,49.4065828171,308.330888939,0.0153853111044
1870000,76.8693926139,247.259623532,0.0153853111044
1871000,41.8774299136,267.873189151,0.0153853111044
1872000,55.9685249768,289.285719381,0.0153853111044
1873000,57.9522579671,249.225065632,0.0153853111044
1874000,61.1794622564,314.126072275,0.0153853111044
1875000,65.3500097288,322.090644173,0.0153853111044
1876000,74.3454466801,370.597549863,0.0153853111044
1877000,39.2836804111,444.127215552,0.0153853111044
1878000,70.1249768019,279.350636132,0.0153853111044
1879000,37.2973619923,373.266470551,0.0153853111044
1880000,60.3023145927,231.621150171,0.0153853111044
1881000,45.4255268535,221.865243654,0.0153853111044
1882000,41.3487734884,260.720632579,0.0153853111044
1883000,66.3222267481,360.492799464,0.0153853111044
1884000,65.3570349274,203.1040553,0.0153853111044
1885000,54.2518665218,326.345069124,0.0153853111044
1886000,64.4788509804,326.878257514,0.0153853111044
1887000,60.1735207753,327.358777054,0.0153853111044
1888000,51.5725810999,449.353067564,0.0153853111044
1889000,52.5253373649,228.336126786,0.0153853111044
1890000,45.3361589498,205.307594742,0.0153853111044
1891000,44.3618512328,391.53317707,0.0153853111044
1892000,57.2301888264,279.295175352,0.0153853111044
1893000,50.3366088931,402.086437078,0.0153853111044
1894000,60.2289339513,323.107443667,0.0153853111044
1895000,36.8836824811,403.115045421,0.0153853111044
1896000,44.4750543398,405.64791099,0.0153853111044
1897000,50.9058944824,347.574584599,0.0153853111044
1898000,60.2983784002,285.400976736,0.0153853111044
1899000,57.7292378107,371.686819741,0.0153853111044
1900000,41.0949911747,230.937483453,0.0153853111044
1901000,63.9211694102,184.047508992,0.0153853111044
1902000,43.1285426943,294.363294866,0.0153853111044
1903000,41.927959321,336.797170515,0.0153853111044
1904000,70.1301506878,237.467695387,0.0153853111044
1905000,55.682155151,315.403568066,0.0153853111044
1906000,34.3315206451,215.425408798,0.0153853111044
1907000,43.7349672818,232.300112425,0.0153853111044
1908000,51.5932429701,165.666916835,0.0153853111044
1909000,43.7296599005,253.230759166,0.0153853111044
1910000,49.2638200949,353.69285342,0.0153853111044
1911000,45.1039997808,287.431231737,0.0153853111044
1912000,50.3925683122,330.151828506,0.0153853111044
1913000,47.4143259018,145.750456394,0.0153853111044
1914000,59.8518315805,347.913021165,0.0153853111044
1915000,71.4674100386,218.449231693,0.0153853111044
1916000,44.8813880954,256.672049323,0.0153853111044
1917000,51.8417593421,380.991939106,0.0153853111044
1918000,38.7707601469,475.484051843,0.0153853111044
1919000,42.3908007097,454.764621079,0.0153853111044
1920000,48.2735239347,209.527819703,0.0153853111044
1921000,49.2583036736,298.915956436,0.0153853111044
1922000,58.2412365241,244.482885439,0.0153853111044
1923000,46.6348411167,285.079186259,0.0153853111044
1924000,51.3333111761,298.869851572,0.0153853111044
1925000,44.3543216006,374.575570577,0.0153853111044
1926000,57.8956140995,219.441310815,0.0153853111044
1927000,44.4500982689,293.66562005,0.0153853111044
1928000,48.4325309087,197.905904785,0.0153853111044
1929000,49.2834077016,210.78441706,0.0153853111044
1930000,43.8913578826,264.49508625,0.0153853111044
1931000,52.8113448559,369.947271219,0.0153853111044
1932000,67.7972589999,343.983736492,0.0153853111044
1933000,68.5979083616,307.861678584,0.0153853111044
1934000,57.6118218802,262.476361906,0.0153853111044
1935000,62.7878668646,374.970299485,0.0153853111044
1936000,61.807619202,283.473859159,0.0153853111044
1937000,42.5158435592,337.545653422,0.0153853111044
1938000,43.6273273213,415.89982901,0.0153853111044
1939000,53.1633784497,324.362274258,0.0153853111044
1940000,64.0369363496,419.717354078,0.0153853111044
1941000,67.2651629518,505.049078926,0.0153853111044
1942000,63.7712935005,385.443318784,0.0153853111044
1943000,69.9089900458,296.505053191,0.0153853111044
1944000,42.4363413276,304.474366423,0.0153853111044
1945000,59.243872471,275.426622303,0.0153853111044
1946000,61.1349932693,362.36615192,0.0153853111044
1947000,50.2787732703,310.060374448,0.0153853111044
1948000,43.6859493213,336.823248519,0.0153853111044
1949000,44.2678955402,269.449012796,0.0153853111044
1950000,85.0709618814,253.071113301,0.0153853111044
1951000,44.9418832537,404.830626253,0.0153853111044
1952000,41.8111353578,235.354467177,0.0153853111044
1953000,62.1945957039,242.565788266,0.0153853111044
1954000,67.0138819963,219.838546353,0.0153853111044
1955000,30.4344568197,302.094394753,0.0153853111044
1956000,55.4288959801,272.144905759,0.0153853111044
1957000,58.1029865263,486.117463918,0.0153853111044
1958000,93.0671419463,388.015874752,0.0153853111044
1959000,75.3088189048,305.557107676,0.0153853111044
1960000,79.3769928292,322.527223948,0.0153853111044
1961000,42.7334969737,223.462166017,0.0153853111044
1962000,42.5767620264,449.893425984,0.0153853111044
1963000,63.1985262618,309.454007139,0.0153853111044
1964000,53.2477029727,464.793913369,0.0153853111044
1965000,68.8220636552,267.184078917,0.0153853111044
1966000,44.631405968,305.788556181,0.0153853111044
1967000,55.369739988,263.583293417,0.0153853111044
1968000,37.1272697865,322.310589763,0.0153853111044
1969000,43.3739641453,541.705267855,0.0153853111044
1970000,52.7208272444,314.617226268,0.0153853111044
1971000,41.338674649,235.718026702,0.0153853111044
1972000,56.9327652,300.050080588,0.0153853111044
1973000,60.8352045103,307.408330427,0.0153853111044
1974000,43.8906972702,239.72169511,0.0153853111044
1975000,44.8060195776,210.567069448,0.0153853111044
1976000,46.8293625523,323.319009858,0.0153853111044
1977000,79.7098358413,179.387298759,0.0153853111044
1978000,41.1651234831,278.454148156,0.0153853111044
1979000,67.0777077931,309.338878685,0.0153853111044
1980000,49.8066135894,333.635584075,0.0153853111044
1981000,31.0686594653,265.678676429,0.0153853111044
1982000,43.739863924,446.194313292,0.0153853111044
1983000,61.4620668279,401.07099367,0.0153853111044
1984000,54.6047781228,259.785132655,0.0153853111044
1985000,60.4421028865,343.454856256,0.0153853111044
1986000,51.4187828003,249.863341407,0.0153853111044
1987000,76.5719283498,280.598203509,0.0153853111044
1988000,55.4979725312,337.775467324,0.0153853111044
1989000,50.5359148152,220.504257869,0.0153853111044
1990000,36.7690666026,191.429187162,0.0153853111044
1991000,42.1010293973,252.439250893,0.0153853111044
1992000,40.3826776987,222.528583199,0.0153853111044
1993000,58.8286620224,316.026185718,0.0153853111044
1994000,53.1454368703,410.800767834,0.0153853111044
1995000,63.4892600868,281.221277987,0.0153853111044
1996000,45.1368362224,353.202562597,0.0153853111044
1997000,60.2665258774,450.596767883,0.0153853111044
1998000,85.2362693403,321.992060996,0.0153853111044
1999000,48.5891798943,381.291732821,0.0153853111044
2000000,33.7892809442,183.097210916,0.0153853111044
