#"Step","Potential Energy (kJ/mole)","Temperature (K)","Density (g/mL)"
1000,258.929082425,260.229187322,0.0186973163154
2000,256.572039559,276.113236586,0.0186973163154
3000,277.227425113,353.973694154,0.0186973163154
4000,244.619932772,409.080543226,0.0186973163154
5000,263.2858857,427.200757065,0.0186973163154
6000,248.58289728,375.858922842,0.0186973163154
7000,254.686936505,312.995255726,0.0186973163154
8000,250.129000409,272.018816839,0.0186973163154
9000,256.06877605,252.78010725,0.0186973163154
10000,280.388334067,240.77245704,0.0186973163154
11000,250.056484347,304.419889299,0.0186973163154
12000,248.183868458,179.877024761,0.0186973163154
13000,255.200836722,282.484394665,0.0186973163154
14000,244.002492077,289.333156764,0.0186973163154
15000,254.221323329,220.289947628,0.0186973163154
16000,262.041171468,371.071794718,0.0186973163154
17000,254.970895386,266.910510113,0.0186973163154
18000,232.059924414,408.834197343,0.0186973163154
19000,240.715195837,283.212210467,0.0186973163154
20000,266.99489169,285.430647929,0.0186973163154
21000,257.369668431,286.760039085,0.0186973163154
22000,259.276402257,224.056895187,0.0186973163154
23000,276.387946647,184.003521418,0.0186973163154
24000,275.201606148,420.667062145,0.0186973163154
25000,255.206591067,417.772109349,0.0186973163154
26000,247.203559291,365.91258052,0.0186973163154
27000,263.539664356,445.585434207,0.0186973163154
28000,266.333849183,315.387961542,0.0186973163154
29000,272.984950705,356.727032068,0.0186973163154
30000,276.807424457,183.78825498,0.0186973163154
31000,266.286119577,350.352743683,0.0186973163154
32000,260.133690736,236.608466964,0.0186973163154
33000,249.671484611,243.213714292,0.0186973163154
34000,256.267931967,306.602001253,0.0186973163154
35000,251.87146584,199.506333953,0.0186973163154
36000,250.970504192,431.920835613,0.0186973163154
37000,263.321589917,240.165000389,0.0186973163154
38000,256.860694318,276.122562598,0.0186973163154
39000,253.911798842,305.864867572,0.0186973163154
40000,249.484061507,226.222862452,0.0186973163154
41000,242.165822314,520.160743878,0.0186973163154
42000,250.075125779,333.514792567,0.0186973163154
43000,278.860911001,350.938962414,0.0186973163154
44000,254.916667281,259.650070608,0.0186973163154
45000,259.964844473,389.009542816,0.0186973163154
46000,259.469257613,344.168805274,0.0186973163154
47000,283.15755284,247.053424481,0.0186973163154
48000,244.313907699,362.774217088,0.0186973163154
49000,256.864570498,220.661370928,0.0186973163154
50000,253.037477179,320.383000945,0.0186973163154
51000,271.058356224,271.965432045,0.0186973163154
52000,239.624557878,224.388173087,0.0186973163154
53000,266.892873245,206.590844662,0.0186973163154
54000,253.030678688,270.969966916,0.0186973163154
55000,239.057276505,163.776610684,0.0186973163154
56000,241.858629694,286.080774068,0.0186973163154
57000,250.706679088,299.787468893,0.0186973163154
58000,240.167083727,293.963810024,0.0186973163154
59000,275.065115392,236.961645043,0.0186973163154
60000,238.711733102,139.93446481,0.0186973163154
61000,252.44688601,175.290615349,0.0186973163154
62000,252.640859699,320.39271597,0.0186973163154
63000,252.618880283,276.773482927,0.0186973163154
64000,274.425450007,159.756300313,0.0186973163154
65000,266.55601494,210.657474411,0.0186973163154
66000,249.768060944,229.934262384,0.0186973163154
67000,254.959352043,354.996504392,0.0186973163154
68000,258.446809411,265.099614422,0.0186973163154
69000,254.503299507,246.605994981,0.0186973163154
70000,260.419934606,376.747318795,0.0186973163154
71000,265.868697511,304.874687447,0.0186973163154
72000,273.670213942,265.538849248,0.0186973163154
73000,280.580196057,251.904436084,0.0186973163154
74000,240.291564526,495.727762872,0.0186973163154
75000,267.10025331,351.284353204,0.0186973163154
76000,249.115011504,245.43170067,0.0186973163154
77000,249.307030726,234.515729895,0.0186973163154
78000,250.757268838,338.877433242,0.0186973163154
79000,246.660968859,425.537992666,0.0186973163154
80000,258.651581899,350.969702451,0.0186973163154
81000,266.706180952,316.981223001,0.0186973163154
82000,257.738421657,215.511628356,0.0186973163154
83000,253.531312701,335.846951997,0.0186973163154
84000,259.125029873,316.910086288,0.0186973163154
85000,232.064703665,347.274959235,0.0186973163154
86000,266.781591978,240.744414958,0.0186973163154
87000,296.827918722,261.168519362,0.0186973163154
88000,260.429126533,188.150030132,0.0186973163154
89000,258.899153579,342.499811789,0.0186973163154
90000,258.609102577,248.510867503,0.0186973163154
91000,266.147430361,319.677457227,0.0186973163154
92000,249.418651552,409.547614404,0.0186973163154
93000,258.713680167,344.942132522,0.0186973163154
94000,275.630077036,158.30333275,0.0186973163154
95000,254.080225201,382.191620011,0.0186973163154
96000,265.200915857,356.950065281,0.0186973163154
97000,248.195888856,146.180182804,0.0186973163154
98000,251.913060939,357.160978104,0.0186973163154
99000,246.260987867,267.855561062,0.0186973163154
100000,253.808623689,272.664267375,0.0186973163154
101000,273.897755686,272.676117509,0.0186973163154
102000,268.981738874,298.943749686,0.0186973163154
103000,241.946796922,241.074022611,0.0186973163154
104000,232.668764276,154.786489536,0.0186973163154
105000,245.682643401,267.810553067,0.0186973163154
106000,245.097238266,218.136741948,0.0186973163154
107000,251.937462059,240.337098873,0.0186973163154
108000,259.987301033,162.451600355,0.0186973163154
109000,259.437059476,274.500712782,0.0186973163154
110000,262.753015344,232.009820241,0.0186973163154
111000,249.763792307,304.570871159,0.0186973163154
112000,236.427888844,386.310101386,0.0186973163154
113000,279.085121999,231.285955472,0.0186973163154
114000,241.681557557,248.707037692,0.0186973163154
115000,247.870355424,288.230049745,0.0186973163154
116000,285.596197931,301.110924354,0.0186973163154
117000,261.896597222,245.419304781,0.0186973163154
118000,268.709037804,319.003103082,0.0186973163154
119000,278.143900347,233.911716459,0.0186973163154
120000,257.647280345,281.801461818,0.0186973163154
121000,253.932073768,254.34818379,0.0186973163154
122000,240.045865377,267.886507655,0.0186973163154
123000,247.720647299,226.20399506,0.0186973163154
124000,250.816185723,423.396305294,0.0186973163154
125000,255.383824009,354.027761339,0.0186973163154
126000,247.321307183,328.760465981,0.0186973163154
127000,260.337747684,357.26238663,0.0186973163154
128000,249.760616164,278.814094347,0.0186973163154
129000,261.767854219,157.643488985,0.0186973163154
130000,257.15784031,454.100992849,0.0186973163154
131000,253.514071743,277.209263167,0.0186973163154
132000,252.309892734,280.763959562,0.0186973163154
133000,250.176831886,223.605153914,0.0186973163154
134000,271.878713213,323.884351348,0.0186973163154
135000,262.457500727,361.202225568,0.0186973163154
136000,245.600685949,238.234285247,0.0186973163154
137000,273.185885135,245.211377031,0.0186973163154
138000,244.215121104,246.437025817,0.0186973163154
139000,234.247387628,269.604216194,0.0186973163154
140000,261.899882458,218.739489802,0.0186973163154
141000,250.326665104,335.220593131,0.0186973163154
142000,258.329302779,309.953562157,0.0186973163154
143000,254.091951502,300.11089805,0.0186973163154
144000,278.73378251,262.982333253,0.0186973163154
145000,272.036655251,184.343059325,0.0186973163154
146000,266.953823493,181.849584142,0.0186973163154
147000,246.142334611,305.911502518,0.0186973163154
148000,245.219302839,266.387620483,0.0186973163154
149000,274.758216729,258.192752429,0.0186973163154
150000,284.567882449,265.788559853,0.0186973163154
151000,249.834040001,308.742970909,0.0186973163154
152000,254.157257743,301.919292487,0.0186973163154
153000,256.5613886,358.494615165,0.0186973163154
154000,246.844635473,291.774404597,0.0186973163154
155000,252.692149591,444.913968138,0.0186973163154
156000,270.921672142,366.20001006,0.0186973163154
157000,263.672300613,288.126963067,0.0186973163154
158000,251.8110351,281.378721596,0.0186973163154
159000,256.837790134,322.180636475,0.0186973163154
160000,249.930751337,262.5870448,0.0186973163154
161000,243.170359791,340.800449471,0.0186973163154
162000,248.054446857,310.590754354,0.0186973163154
163000,260.465198413,457.48784323,0.0186973163154
164000,253.409002554,296.410067991,0.0186973163154
165000,256.074114868,297.016847807,0.0186973163154
166000,259.493559839,268.372309527,0.0186973163154
167000,270.842158586,426.610005363,0.0186973163154
168000,260.875723606,339.311443722,0.0186973163154
169000,257.663094357,137.586802683,0.0186973163154
170000,267.844964063,385.240541687,0.0186973163154
171000,273.165701475,302.794565328,0.0186973163154
172000,254.506478088,207.816887698,0.0186973163154
173000,249.497116202,350.741322947,0.0186973163154
174000,255.951506355,311.825897609,0.0186973163154
175000,243.591107552,282.151750813,0.0186973163154
176000,250.702473669,349.355762348,0.0186973163154
177000,264.070783866,263.827916776,0.0186973163154
178000,256.221601501,441.448101283,0.0186973163154
179000,261.795399855,281.799603878,0.0186973163154
180000,248.294837594,192.488941947,0.0186973163154
181000,258.206745919,386.825744317,0.0186973163154
182000,242.948130974,235.081784016,0.0186973163154
183000,241.933357071,221.726093701,0.0186973163154
184000,245.333550042,232.042818826,0.0186973163154
185000,252.185669834,249.529893347,0.0186973163154
186000,244.668183157,284.652784746,0.0186973163154
187000,251.419868867,426.751901064,0.0186973163154
188000,266.01663082,289.216793653,0.0186973163154
189000,256.290841386,213.610065908,0.0186973163154
190000,262.268763053,171.629961569,0.0186973163154
191000,243.150213528,219.679937661,0.0186973163154
192000,258.39049959,393.399235915,0.0186973163154
193000,253.600485539,233.511917052,0.0186973163154
194000,243.570981514,240.205380881,0.0186973163154
195000,264.519767769,255.599155584,0.0186973163154
196000,264.95804937,230.863261946,0.0186973163154
197000,242.683267499,249.815291334,0.0186973163154
198000,251.996681125,277.959926318,0.0186973163154
199000,254.369910007,327.218683561,0.0186973163154
200000,250.742170331,310.954690504,0.0186973163154
201000,247.203224975,377.67655598,0.0186973163154
202000,264.692377692,209.096146028,0.0186973163154
203000,239.52627683,157.237752085,0.0186973163154
204000,260.089299009,147.009802685,0.0186973163154
205000,256.176156117,190.603860327,0.0186973163154
206000,263.232453383,183.695297855,0.0186973163154
207000,252.127493,226.563590864,0.0186973163154
208000,263.592003107,222.652798466,0.0186973163154
209000,250.774955729,275.98158074,0.0186973163154
210000,244.647178373,323.216117849,0.0186973163154
211000,262.732674075,217.155086479,0.0186973163154
212000,254.169441123,162.545378838,0.0186973163154
213000,246.075818092,296.278510314,0.0186973163154
214000,261.928852813,190.08788422,0.0186973163154
215000,260.874767931,316.767951222,0.0186973163154
216000,264.186339186,380.192104277,0.0186973163154
217000,242.42910939,267.831675432,0.0186973163154
218000,242.842796552,280.469997006,0.0186973163154
219000,260.147956447,229.335615285,0.0186973163154
220000,257.567776183,275.425158866,0.0186973163154
221000,269.744371616,445.975873613,0.0186973163154
222000,252.023125452,285.616333429,0.0186973163154
223000,269.077865719,219.594120938,0.0186973163154
224000,251.897437271,271.762071888,0.0186973163154
225000,251.100785974,295.419898838,0.0186973163154
226000,246.204876048,260.360795543,0.0186973163154
227000,258.986035003,265.841758208,0.0186973163154
228000,251.30170307,393.918652846,0.0186973163154
229000,255.512769822,246.507515259,0.0186973163154
230000,243.574041262,340.943357532,0.0186973163154
231000,267.269988704,377.715825632,0.0186973163154
232000,267.547843409,320.80307493,0.0186973163154
233000,254.781268104,475.092207099,0.0186973163154
234000,253.453176895,282.000504107,0.0186973163154
235000,248.896442377,297.904759312,0.0186973163154
236000,251.144867603,359.962333404,0.0186973163154
237000,245.855054145,296.699389755,0.0186973163154
238000,237.776364907,303.540606803,0.0186973163154
239000,252.596082893,375.747215185,0.0186973163154
240000,245.931674205,290.444765129,0.0186973163154
241000,258.34807761,179.355513215,0.0186973163154
242000,247.950663207,379.661748579,0.0186973163154
243000,255.730972112,359.351603431,0.0186973163154
244000,254.780836939,206.872030434,0.0186973163154
245000,254.753353998,361.043926813,0.0186973163154
246000,266.947683854,267.148370555,0.0186973163154
247000,246.833485669,254.349218476,0.0186973163154
248000,270.053950143,301.375606859,0.0186973163154
249000,251.69879875,229.829758967,0.0186973163154
250000,236.584352826,386.569331321,0.0186973163154
251000,274.896561329,254.016806601,0.0186973163154
252000,256.879533635,525.567952048,0.0186973163154
253000,264.883604731,399.439705836,0.0186973163154
254000,249.079656888,249.260648573,0.0186973163154
255000,248.538300473,291.532686625,0.0186973163154
256000,258.120728002,264.107443638,0.0186973163154
257000,267.703025698,415.637772553,0.0186973163154
258000,277.28402537,363.084526991,0.0186973163154
259000,255.981883927,335.651184584,0.0186973163154
260000,271.835468241,274.216714367,0.0186973163154
261000,271.263330358,250.9079315,0.0186973163154
262000,269.193483717,219.563009491,0.0186973163154
263000,259.295153035,278.296064169,0.0186973163154
264000,273.170941852,192.862017509,0.0186973163154
265000,250.364961309,351.846061909,0.0186973163154
266000,252.357340123,308.132794664,0.0186973163154
267000,247.208124298,337.366209146,0.0186973163154
268000,280.198060419,308.907289589,0.0186973163154
269000,240.832402451,313.094244561,0.0186973163154
270000,246.092274423,320.529095338,0.0186973163154
271000,254.737615693,247.739075955,0.0186973163154
272000,250.361753703,352.576755694,0.0186973163154
273000,256.186435429,237.951541764,0.0186973163154
274000,255.1094542,194.091779799,0.0186973163154
275000,240.932776597,161.552981927,0.0186973163154
276000,248.330779787,377.509670933,0.0186973163154
277000,260.177408199,335.993155114,0.0186973163154
278000,241.605542234,398.355370617,0.0186973163154
279000,260.199129313,264.098539274,0.0186973163154
280000,266.198993521,260.806838292,0.0186973163154
281000,262.021712031,299.432943038,0.0186973163154
282000,254.782050345,454.115254581,0.0186973163154
283000,258.026836531,260.562043771,0.0186973163154
284000,258.786987654,218.152437782,0.0186973163154
285000,261.079017769,304.627254603,0.0186973163154
286000,248.052588025,200.969771183,0.0186973163154
287000,255.603470542,239.308963674,0.0186973163154
288000,252.348593471,417.201099795,0.0186973163154
289000,247.851507609,317.410930079,0.0186973163154
290000,251.744281912,386.198725867,0.0186973163154
291000,249.897156759,242.757864874,0.0186973163154
292000,263.36395412,247.290649622,0.0186973163154
293000,269.954999412,341.788482036,0.0186973163154
294000,252.048047035,195.402356866,0.0186973163154
295000,265.526136178,233.903773751,0.0186973163154
296000,262.00725903,229.776418761,0.0186973163154
297000,236.107275513,344.862724979,0.0186973163154
298000,256.946648435,444.469794318,0.0186973163154
299000,260.818807713,232.284575879,0.0186973163154
300000,272.427521699,385.514508082,0.0186973163154
301000,253.763197308,292.8840918,0.0186973163154
302000,244.553012589,287.848745978,0.0186973163154
303000,241.933546361,316.140601509,0.0186973163154
304000,243.207216686,239.439116235,0.0186973163154
305000,261.948197327,410.595583368,0.0186973163154
306000,242.341941752,397.470417096,0.0186973163154
307000,258.420110776,244.370946258,0.0186973163154
308000,245.328599876,282.363647461,0.0186973163154
309000,265.314205237,354.115965898,0.0186973163154
310000,250.402544135,354.868460933,0.0186973163154
311000,256.277605915,212.274075932,0.0186973163154
312000,246.385249905,412.78554712,0.0186973163154
313000,257.995685414,293.312740876,0.0186973163154
314000,271.191687746,141.678883715,0.0186973163154
315000,269.306826341,228.767520456,0.0186973163154
316000,252.686917982,263.417299133,0.0186973163154
317000,262.512889295,370.399766293,0.0186973163154
318000,240.023624631,238.035845456,0.0186973163154
319000,253.363043811,262.909319963,0.0186973163154
320000,259.470526615,220.241559818,0.0186973163154
321000,265.927379002,227.871501915,0.0186973163154
322000,245.318505948,278.116634641,0.0186973163154
323000,264.687156482,392.11132458,0.0186973163154
324000,253.588491572,359.877342138,0.0186973163154
325000,238.163707078,230.128007621,0.0186973163154
326000,243.469774155,347.486306575,0.0186973163154
327000,258.086128663,355.856508868,0.0186973163154
328000,257.843053573,245.027707612,0.0186973163154
329000,259.600824279,218.467273779,0.0186973163154
330000,253.403418779,468.447247233,0.0186973163154
331000,244.175779947,388.608257873,0.0186973163154
332000,239.576990122,281.475471812,0.0186973163154
333000,263.511237407,246.455521681,0.0186973163154
334000,246.255808926,351.664791224,0.0186973163154
335000,262.479604392,352.655251361,0.0186973163154
336000,246.227450448,225.058948026,0.0186973163154
337000,252.306113103,429.183123211,0.0186973163154
338000,239.801112675,292.74365115,0.0186973163154
339000,260.397844034,213.523067515,0.0186973163154
340000,252.891632992,215.650886515,0.0186973163154
341000,265.358610884,307.342689648,0.0186973163154
342000,262.067071657,325.47378381,0.0186973163154
343000,271.654022749,324.44937472,0.0186973163154
344000,255.862090372,338.186587527,0.0186973163154
345000,269.045194172,281.690972623,0.0186973163154
346000,267.383185178,261.659119188,0.0186973163154
347000,246.119062244,481.194451498,0.0186973163154
348000,251.032900533,320.981401766,0.0186973163154
349000,265.169024061,194.287013939,0.0186973163154
350000,233.798516324,289.516228282,0.0186973163154
351000,236.909632385,339.920373377,0.0186973163154
352000,245.872526048,444.482388456,0.0186973163154
353000,244.454441973,297.045899121,0.0186973163154
354000,281.81982848,382.792937584,0.0186973163154
355000,264.906797042,382.943431107,0.0186973163154
356000,253.085734826,329.870430057,0.0186973163154
357000,248.090130771,292.555931328,0.0186973163154
358000,245.854027263,291.185663523,0.0186973163154
359000,276.735475522,371.391309358,0.0186973163154
360000,236.130074785,375.618377403,0.0186973163154
361000,257.641446742,346.482977847,0.0186973163154
362000,243.474722654,379.824100964,0.0186973163154
363000,243.531713501,238.080080419,0.0186973163154
364000,237.859347268,217.755520388,0.0186973163154
365000,265.809390385,250.758636965,0.0186973163154
366000,254.248076056,359.268850339,0.0186973163154
367000,288.388746849,263.105120712,0.0186973163154
368000,265.746512706,265.160935265,0.0186973163154
369000,265.645202194,378.803093051,0.0186973163154
370000,251.115739034,279.939180266,0.0186973163154
371000,274.783423283,337.270733123,0.0186973163154
372000,254.896729799,251.988340701,0.0186973163154
373000,255.69484964,215.145803212,0.0186973163154
374000,252.89423992,424.828525918,0.0186973163154
375000,258.54813936,371.060306061,0.0186973163154
376000,274.478137565,320.167723136,0.0186973163154
377000,265.554578284,392.132914591,0.0186973163154
378000,253.346305283,358.981834173,0.0186973163154
379000,253.393451882,225.916835399,0.0186973163154
380000,266.322311233,402.885075531,0.0186973163154
381000,241.553777966,319.685272254,0.0186973163154
382000,257.883902564,305.474777742,0.0186973163154
383000,250.845129584,304.739843127,0.0186973163154
384000,256.205059412,288.669411648,0.0186973163154
385000,243.870773787,536.66177987,0.0186973163154
386000,254.384354429,302.31732095,0.0186973163154
387000,263.452143225,326.168434276,0.0186973163154
388000,264.88619096,337.296379306,0.0186973163154
389000,272.458935817,331.871528607,0.0186973163154
390000,247.733172179,329.071361619,0.0186973163154
391000,272.545040065,375.600862105,0.0186973163154
392000,250.279579124,260.509334031,0.0186973163154
393000,261.325683638,344.252627853,0.0186973163154
394000,273.513621798,277.050913721,0.0186973163154
395000,231.572808593,346.795957588,0.0186973163154
396000,246.059763531,325.068472591,0.0186973163154
397000,249.432259954,388.659566973,0.0186973163154
398000,260.875528658,339.567526625,0.0186973163154
399000,251.180927088,313.270160232,0.0186973163154
400000,268.938586935,305.558657871,0.0186973163154
401000,256.330547673,310.860560933,0.0186973163154
402000,257.203670821,292.742528054,0.0186973163154
403000,256.248592879,482.321993548,0.0186973163154
404000,254.183284732,238.265145257,0.0186973163154
405000,261.280475702,298.359826481,0.0186973163154
406000,264.769476177,251.760885451,0.0186973163154
407000,269.896901671,311.901858084,0.0186973163154
408000,249.408972368,186.580551477,0.0186973163154
409000,274.000279378,306.833429165,0.0186973163154
410000,245.889930781,293.282993105,0.0186973163154
411000,258.415339503,242.441206363,0.0186973163154
412000,250.997157986,358.32132625,0.0186973163154
413000,241.285684393,454.418404958,0.0186973163154
414000,242.506456179,267.73524786,0.0186973163154
415000,235.450012485,342.141217652,0.0186973163154
416000,248.760811801,333.34024147,0.0186973163154
417000,256.493997988,389.878079455,0.0186973163154
418000,260.225093532,316.062169078,0.0186973163154
419000,261.846088584,324.043055791,0.0186973163154
420000,235.29001579,227.691042112,0.0186973163154
421000,255.293074687,437.444458323,0.0186973163154
422000,274.010439646,325.637510291,0.0186973163154
423000,252.899015431,187.726503739,0.0186973163154
424000,250.799165264,455.100528058,0.0186973163154
425000,253.885840556,349.550475437,0.0186973163154
426000,275.618330646,252.286923235,0.0186973163154
427000,263.083090267,471.307914999,0.0186973163154
428000,266.773409071,509.361968068,0.0186973163154
429000,283.427050972,244.326436111,0.0186973163154
430000,254.592356528,187.614395628,0.0186973163154
431000,258.791850813,149.987531607,0.0186973163154
432000,255.471545109,217.017662975,0.0186973163154
433000,254.091534565,370.040095943,0.0186973163154
434000,245.635086883,336.189973968,0.0186973163154
435000,239.542844177,320.347586709,0.0186973163154
436000,267.595966796,432.009136316,0.0186973163154
437000,264.871833704,445.711704574,0.0186973163154
438000,241.853797637,278.005181306,0.0186973163154
439000,250.077790868,207.691311885,0.0186973163154
440000,244.797112616,222.313782827,0.0186973163154
441000,246.965919067,156.364775699,0.0186973163154
442000,258.252676639,205.740774491,0.0186973163154
443000,254.203745791,347.285458912,0.0186973163154
444000,259.255735416,262.392858478,0.0186973163154
445000,284.656710633,329.559455058,0.0186973163154
446000,279.505821385,340.138384123,0.0186973163154
447000,257.100322497,257.549507012,0.0186973163154
448000,239.809963592,331.503155469,0.0186973163154
449000,251.342717755,239.018183616,0.0186973163154
450000,256.870760907,370.583670519,0.0186973163154
451000,253.965299121,393.252968647,0.0186973163154
452000,243.057056596,206.812433339,0.0186973163154
453000,251.981452301,481.407184137,0.0186973163154
454000,263.879361497,193.305894882,0.0186973163154
455000,241.119491508,524.482998045,0.0186973163154
456000,255.439787272,263.837672157,0.0186973163154
457000,253.996079853,155.837750973,0.0186973163154
458000,244.510277741,398.911826181,0.0186973163154
459000,251.79004931,345.654009553,0.0186973163154
460000,261.218276187,225.836231876,0.0186973163154
461000,263.662057025,376.239951008,0.0186973163154
462000,237.668937966,372.945690696,0.0186973163154
463000,253.545638157,312.753379988,0.0186973163154
464000,258.888935609,280.684770011,0.0186973163154
465000,263.867028622,190.013641477,0.0186973163154
466000,268.483360373,234.281493653,0.0186973163154
467000,259.341164195,278.573801876,0.0186973163154
468000,261.909720506,205.891448831,0.0186973163154
469000,274.37988414,371.698091036,0.0186973163154
470000,262.709729986,297.574402655,0.0186973163154
471000,241.53559807,324.448692871,0.0186973163154
472000,271.009251937,212.876646407,0.0186973163154
473000,251.025280294,211.486708462,0.0186973163154
474000,248.069928715,184.749173626,0.0186973163154
475000,259.661733758,299.314052119,0.0186973163154
476000,247.686604142,321.04100556,0.0186973163154
477000,254.348055091,280.172419976,0.0186973163154
478000,251.416813322,377.424625528,0.0186973163154
479000,240.535338262,299.741935378,0.0186973163154
480000,247.821361591,338.858243902,0.0186973163154
481000,250.377943164,372.94898381,0.0186973163154
482000,249.220423491,467.339857873,0.0186973163154
483000,258.052870092,222.074548098,0.0186973163154
484000,265.639926916,369.291101554,0.0186973163154
485000,258.56525736,261.364639924,0.0186973163154
486000,246.702402026,403.301394297,0.0186973163154
487000,241.236159756,294.999296498,0.0186973163154
488000,251.048671316,348.271463837,0.0186973163154
489000,266.566439181,307.294636297,0.0186973163154
490000,246.953754098,375.978337597,0.0186973163154
491000,263.590713001,348.256378777,0.0186973163154
492000,251.427267243,314.186936696,0.0186973163154
493000,263.26043034,278.988296891,0.0186973163154
494000,261.060002338,256.761493408,0.0186973163154
495000,252.569640168,359.929118893,0.0186973163154
496000,249.896227465,422.879310631,0.0186973163154
497000,250.149689981,197.622964256,0.0186973163154
498000,252.643905899,288.063699872,0.0186973163154
499000,250.609368055,206.412295534,0.0186973163154
500000,250.968384206,306.699620349,0.0186973163154
501000,258.089911915,182.831954794,0.0186973163154
502000,254.865529388,423.447483876,0.0186973163154
503000,260.513187915,295.369518476,0.0186973163154
504000,247.44820494,294.006267155,0.0186973163154
505000,269.264113701,296.830278097,0.0186973163154
506000,255.527495632,345.34447941,0.0186973163154
507000,258.730123049,206.081440254,0.0186973163154
508000,249.547388239,297.049727119,0.0186973163154
509000,243.808251922,246.306831799,0.0186973163154
510000,251.176308037,220.824840448,0.0186973163154
511000,248.687083189,307.072397353,0.0186973163154
512000,238.346039933,340.240095814,0.0186973163154
513000,257.632029219,243.660994113,0.0186973163154
514000,258.0201458,386.322654394,0.0186973163154
515000,262.99343638,248.886163859,0.0186973163154
516000,232.401177551,251.572601218,0.0186973163154
517000,268.911340629,422.079570362,0.0186973163154
518000,256.324398522,349.721344009,0.0186973163154
519000,252.820101114,275.411810024,0.0186973163154
520000,255.271851557,321.373814851,0.0186973163154
521000,259.887940332,318.098618503,0.0186973163154
522000,253.361701699,229.178692663,0.0186973163154
523000,260.757502132,191.60860377,0.0186973163154
524000,270.074185942,249.369423858,0.0186973163154
525000,235.686838252,180.853081008,0.0186973163154
526000,264.932219954,211.396724401,0.0186973163154
527000,267.025873741,462.350494896,0.0186973163154
528000,272.871126937,458.999101334,0.0186973163154
529000,240.596772116,251.97803813,0.0186973163154
530000,232.574182966,377.458855027,0.0186973163154
531000,239.941073491,238.329875762,0.0186973163154
532000,245.194226676,340.07713064,0.0186973163154
533000,271.384722538,240.703696678,0.0186973163154
534000,245.369266222,308.008548526,0.0186973163154
535000,260.771461284,198.454730587,0.0186973163154
536000,255.209621698,252.790340434,0.0186973163154
537000,243.827798848,222.849824353,0.0186973163154
538000,245.531835824,303.311752772,0.0186973163154
539000,230.742487305,345.976474743,0.0186973163154
540000,254.439727828,380.909350787,0.0186973163154
541000,275.239046304,139.3959002,0.0186973163154
542000,261.992892729,338.631130674,0.0186973163154
543000,264.615868031,298.330926153,0.0186973163154
544000,248.220971592,212.849685181,0.0186973163154
545000,236.714710485,254.366679386,0.0186973163154
546000,256.993087598,185.544436216,0.0186973163154
547000,250.436259013,240.677235562,0.0186973163154
548000,286.639643644,281.039139562,0.0186973163154
549000,244.801215773,305.724819552,0.0186973163154
550000,250.216633874,218.325752081,0.0186973163154
551000,248.067431792,227.277563003,0.0186973163154
552000,256.336177998,256.062714645,0.0186973163154
553000,248.902731099,232.540481533,0.0186973163154
554000,244.764324935,269.089095227,0.0186973163154
555000,268.02688953,327.728931505,0.0186973163154
556000,253.302531728,431.953613433,0.0186973163154
557000,265.322056074,213.837508711,0.0186973163154
558000,286.444168351,322.97056286,0.0186973163154
559000,246.12675125,251.978935213,0.0186973163154
560000,252.245533724,170.873382311,0.0186973163154
561000,253.974127659,178.639473947,0.0186973163154
562000,253.656043312,246.833345573,0.0186973163154
563000,266.245125046,313.466246915,0.0186973163154
564000,255.035210287,254.698355424,0.0186973163154
565000,253.87137481,542.703609648,0.0186973163154
566000,267.0070188,174.312137535,0.0186973163154
567000,255.379021991,261.789962894,0.0186973163154
568000,266.669938018,203.274120572,0.0186973163154
569000,262.207655073,417.291788055,0.0186973163154
570000,257.850610872,404.072257759,0.0186973163154
571000,251.246238827,317.846406663,0.0186973163154
572000,245.58044136,381.316289002,0.0186973163154
573000,250.937144389,366.698157327,0.0186973163154
574000,254.04423835,200.32682665,0.0186973163154
575000,247.506894164,287.114047269,0.0186973163154
576000,246.450853108,279.684599477,0.0186973163154
577000,247.721377014,430.154671681,0.0186973163154
578000,259.773775031,245.338512571,0.0186973163154
579000,243.868225858,238.531930855,0.0186973163154
580000,270.639972709,256.29601471,0.0186973163154
581000,244.942393455,270.904061708,0.0186973163154
582000,229.67793536,264.792368237,0.0186973163154
583000,260.14619171,208.003930194,0.0186973163154
584000,236.42032394,196.045959265,0.0186973163154
585000,252.846212594,250.135880787,0.0186973163154
586000,244.053390721,353.93752411,0.0186973163154
587000,237.162345634,321.538796521,0.0186973163154
588000,241.846999156,219.938425579,0.0186973163154
589000,260.082456699,462.190567997,0.0186973163154
590000,263.681895132,314.482935643,0.0186973163154
591000,265.129679222,264.086102472,0.0186973163154
592000,253.18836854,302.809520991,0.0186973163154
593000,244.305667623,327.424492139,0.0186973163154
594000,240.151849632,350.249328391,0.0186973163154
595000,248.050738747,205.538118696,0.0186973163154
596000,250.262386682,378.606605972,0.0186973163154
597000,257.167247439,327.095539732,0.0186973163154
598000,250.705767899,466.083942447,0.0186973163154
599000,266.668659195,198.816196707,0.0186973163154
600000,265.38220187,313.820691136,0.0186973163154
601000,255.822509643,260.291682211,0.0186973163154
602000,241.496191614,291.637452412,0.0186973163154
603000,252.236900033,305.133168032,0.0186973163154
604000,243.51835957,367.179940482,0.0186973163154
605000,271.894133347,212.412459667,0.0186973163154
606000,233.362705364,268.144889462,0.0186973163154
607000,242.31971017,393.080659987,0.0186973163154
608000,255.776422994,259.576814409,0.0186973163154
609000,257.287020764,337.899184612,0.0186973163154
610000,254.773229202,180.775567929,0.0186973163154
611000,255.371674962,306.717176651,0.0186973163154
612000,256.381386206,364.038155558,0.0186973163154
613000,247.728161262,286.422961655,0.0186973163154
614000,251.283670327,346.685647831,0.0186973163154
615000,282.229360475,279.287767722,0.0186973163154
616000,243.531456307,268.254265768,0.0186973163154
617000,245.348115276,325.058902194,0.0186973163154
618000,254.34203844,177.449230339,0.0186973163154
619000,237.875893717,238.095084731,0.0186973163154
620000,242.782400612,415.36853651,0.0186973163154
621000,246.532541553,221.013253606,0.0186973163154
622000,252.601408868,434.165749786,0.0186973163154
623000,243.301990535,283.736829759,0.0186973163154
624000,255.067899081,294.639599251,0.0186973163154
625000,255.116961792,232.804014265,0.0186973163154
626000,248.022448372,383.252897231,0.0186973163154
627000,255.78849118,258.757353333,0.0186973163154
628000,245.715697958,213.066862214,0.0186973163154
629000,238.789604693,294.414661921,0.0186973163154
630000,237.017702752,305.223331075,0.0186973163154
631000,257.065788568,365.534874462,0.0186973163154
632000,255.093462892,238.866702898,0.0186973163154
633000,249.915558141,258.374233114,0.0186973163154
634000,246.741092096,322.407404899,0.0186973163154
635000,246.767979452,295.769070111,0.0186973163154
636000,284.807614672,247.511351986,0.0186973163154
637000,246.114383178,448.938082349,0.0186973163154
638000,260.052589615,338.389706841,0.0186973163154
639000,256.438035798,356.641431891,0.0186973163154
640000,273.064379814,193.05329469,0.0186973163154
641000,261.55219824,208.679585796,0.0186973163154
642000,260.447998002,301.136657538,0.0186973163154
643000,264.355497185,309.020504514,0.0186973163154
644000,244.240197726,329.021989381,0.0186973163154
645000,248.626628702,264.832902462,0.0186973163154
646000,250.185958399,247.854067475,0.0186973163154
647000,266.680975751,179.326949199,0.0186973163154
648000,279.176670853,398.824855487,0.0186973163154
649000,284.029125747,378.101872507,0.0186973163154
650000,243.273459115,375.297617275,0.0186973163154
651000,244.298217618,254.380060002,0.0186973163154
652000,262.264732575,177.53114162,0.0186973163154
653000,251.802565796,263.783145376,0.0186973163154
654000,239.405960064,308.909523896,0.0186973163154
655000,240.917937767,330.393973059,0.0186973163154
656000,258.069520198,377.900195244,0.0186973163154
657000,263.459046097,271.075009108,0.0186973163154
658000,275.397101973,229.94517526,0.0186973163154
659000,260.124335041,340.371975198,0.0186973163154
660000,263.567585441,364.266243445,0.0186973163154
661000,265.776636594,280.641031186,0.0186973163154
662000,258.217300607,371.739602149,0.0186973163154
663000,255.507060115,241.826632688,0.0186973163154
664000,252.641532139,326.041058688,0.0186973163154
665000,255.370449249,311.688548081,0.0186973163154
666000,255.232703275,321.334441207,0.0186973163154
667000,245.038484524,160.206046249,0.0186973163154
668000,240.563490443,232.624756584,0.0186973163154
669000,256.628013353,331.822565888,0.0186973163154
670000,252.692889087,240.947287063,0.0186973163154
671000,247.312489714,433.473072904,0.0186973163154
672000,263.597571118,341.515968977,0.0186973163154
673000,265.212525913,337.587830308,0.0186973163154
674000,236.621120393,388.94058932,0.0186973163154
675000,274.171730861,287.006280042,0.0186973163154
676000,270.301661563,327.049910942,0.0186973163154
677000,261.136436858,295.539319843,0.0186973163154
678000,241.025275628,479.413903176,0.0186973163154
679000,263.255832764,276.404643468,0.0186973163154
680000,258.840804147,207.237170031,0.0186973163154
681000,239.036629483,270.875249339,0.0186973163154
682000,249.972792532,305.183387314,0.0186973163154
683000,269.473830856,469.199907926,0.0186973163154
684000,262.475285159,374.079393636,0.0186973163154
685000,248.263936483,183.431834644,0.0186973163154
686000,258.139317039,255.001830941,0.0186973163154
687000,264.353974273,331.186324934,0.0186973163154
688000,253.745528596,334.558302363,0.0186973163154
689000,267.195058114,281.09537664,0.0186973163154
690000,245.654790498,371.391684579,0.0186973163154
691000,269.778438961,278.515449105,0.0186973163154
692000,244.190970807,198.638484829,0.0186973163154
693000,245.003764569,281.916336067,0.0186973163154
694000,282.431433278,317.863553994,0.0186973163154
695000,265.703053072,308.744218185,0.0186973163154
696000,254.28860535,278.192943888,0.0186973163154
697000,266.948674391,217.260606514,0.0186973163154
698000,256.269332479,175.258069854,0.0186973163154
699000,288.646139869,334.392813586,0.0186973163154
700000,273.162880628,445.853300819,0.0186973163154
701000,267.223657894,396.277056616,0.0186973163154
702000,284.90423569,309.369160023,0.0186973163154
703000,253.950385203,303.250677138,0.0186973163154
704000,255.141090388,331.709033433,0.0186973163154
705000,245.399661347,245.45741207,0.0186973163154
706000,255.216999092,253.041456145,0.0186973163154
707000,281.06228839,303.046970959,0.0186973163154
708000,255.147380351,259.906722115,0.0186973163154
709000,244.467345173,402.210568125,0.0186973163154
710000,256.632747763,400.937571263,0.0186973163154
711000,270.653491892,379.543429293,0.0186973163154
712000,264.719428128,316.110451605,0.0186973163154
713000,277.401856569,425.361570746,0.0186973163154
714000,258.001501638,322.593260997,0.0186973163154
715000,247.658634922,272.505878902,0.0186973163154
716000,274.14698597,209.264994572,0.0186973163154
717000,252.527946524,256.024741293,0.0186973163154
718000,263.237719922,329.503655271,0.0186973163154
719000,254.621242336,234.036608636,0.0186973163154
720000,271.330729477,259.819771543,0.0186973163154
721000,249.363790024,237.662472062,0.0186973163154
722000,250.80686268,308.429216541,0.0186973163154
723000,253.374766518,270.123797351,0.0186973163154
724000,285.609566877,264.230830167,0.0186973163154
725000,246.094188214,199.031258371,0.0186973163154
726000,245.722273213,322.178420803,0.0186973163154
727000,260.125484273,248.941067669,0.0186973163154
728000,266.392651572,311.254439954,0.0186973163154
729000,250.166502052,277.929818826,0.0186973163154
730000,259.873536462,348.063482436,0.0186973163154
731000,247.12663139,250.431148648,0.0186973163154
732000,247.684466768,371.951618661,0.0186973163154
733000,259.789778493,338.805291395,0.0186973163154
734000,271.366028665,290.033843253,0.0186973163154
735000,261.514419481,377.270509063,0.0186973163154
736000,228.911634685,332.335338845,0.0186973163154
737000,260.763173731,387.961871311,0.0186973163154
738000,274.387691348,182.795605442,0.0186973163154
739000,256.210389091,232.445160418,0.0186973163154
740000,251.558637518,253.827049301,0.0186973163154
741000,250.214717823,491.6167706,0.0186973163154
742000,248.377569788,294.052482224,0.0186973163154
743000,257.966897446,308.29482738,0.0186973163154
744000,263.682796098,325.896123656,0.0186973163154
745000,249.487283061,255.109607198,0.0186973163154
746000,249.176177338,275.998444683,0.0186973163154
747000,249.653296133,311.413596694,0.0186973163154
748000,245.464822255,335.683751656,0.0186973163154
749000,238.815010134,403.080189997,0.0186973163154
750000,269.080723217,320.196374578,0.0186973163154
751000,267.987230243,353.058105399,0.0186973163154
752000,243.866653854,358.814876472,0.0186973163154
753000,257.527245865,228.027317877,0.0186973163154
754000,259.093200745,351.224632142,0.0186973163154
755000,261.104884595,217.706315631,0.0186973163154
756000,290.472981094,268.025620118,0.0186973163154
757000,263.548576312,379.844219221,0.0186973163154
758000,266.186670581,323.917241112,0.0186973163154
759000,272.230381052,236.185682136,0.0186973163154
760000,249.481730716,370.511317976,0.0186973163154
761000,245.368388841,328.756799719,0.0186973163154
762000,263.284223989,312.012425941,0.0186973163154
763000,259.318876415,362.264535469,0.0186973163154
764000,234.587460775,204.362655124,0.0186973163154
765000,242.026538925,236.182130986,0.0186973163154
766000,246.299381554,347.290854436,0.0186973163154
767000,267.205600441,410.549532069,0.0186973163154
768000,255.202672466,302.842303229,0.0186973163154
769000,243.488232532,202.37432609,0.0186973163154
770000,260.184140988,497.809940466,0.0186973163154
771000,247.770234643,215.21108893,0.0186973163154
772000,261.344119107,214.262103378,0.0186973163154
773000,247.492956455,354.735628396,0.0186973163154
774000,238.488652571,342.121441895,0.0186973163154
775000,256.535319315,286.743930297,0.0186973163154
776000,264.374614799,348.03998549,0.0186973163154
777000,282.13225823,277.91707496,0.0186973163154
778000,249.251021882,271.150108651,0.0186973163154
779000,265.525441139,248.232098243,0.0186973163154
780000,244.455567602,290.931269901,0.0186973163154
781000,257.84994323,122.957916698,0.0186973163154
782000,242.560773127,274.741732074,0.0186973163154
783000,259.364166162,320.129423862,0.0186973163154
784000,232.218963538,381.60178132,0.0186973163154
785000,243.334435048,245.955410238,0.0186973163154
786000,248.024573047,302.089275965,0.0186973163154
787000,235.069343269,327.099409851,0.0186973163154
788000,262.204799681,309.538940723,0.0186973163154
789000,252.367496505,226.948930964,0.0186973163154
790000,266.140119893,281.714920734,0.0186973163154
791000,247.054668744,221.641152283,0.0186973163154
792000,241.569155826,307.142085256,0.0186973163154
793000,249.582935664,279.035940357,0.0186973163154
794000,244.126654125,232.835439624,0.0186973163154
795000,249.302510575,355.571310412,0.0186973163154
796000,256.949694667,296.42356712,0.0186973163154
797000,265.761702364,195.203469633,0.0186973163154
798000,242.110943919,340.595622082,0.0186973163154
799000,243.415859988,330.964451555,0.0186973163154
800000,265.720418965,294.674033528,0.0186973163154
801000,232.822233017,271.035051573,0.0186973163154
802000,264.785749311,282.360796243,0.0186973163154
803000,262.163197467,269.269182221,0.0186973163154
804000,253.0355078,287.904214407,0.0186973163154
805000,261.460221842,384.007147545,0.0186973163154
806000,260.870722973,257.087166137,0.0186973163154
807000,253.399777436,295.289593821,0.0186973163154
808000,238.766663786,238.074388212,0.0186973163154
809000,256.428178589,318.585153072,0.0186973163154
810000,251.709581774,387.925533713,0.0186973163154
811000,262.776905701,225.045482271,0.0186973163154
812000,258.674412562,367.87699215,0.0186973163154
813000,250.909051416,247.749293937,0.0186973163154
814000,264.670875893,314.147061921,0.0186973163154
815000,254.462494692,373.21828382,0.0186973163154
816000,252.267992506,290.501130697,0.0186973163154
817000,253.380952017,337.361599289,0.0186973163154
818000,248.538678267,305.183128438,0.0186973163154
819000,242.694826984,212.535497498,0.0186973163154
820000,260.842287791,286.079415215,0.0186973163154
821000,245.097376853,217.183774381,0.0186973163154
822000,247.791847881,329.884304084,0.0186973163154
823000,258.520490926,192.138972837,0.0186973163154
824000,249.621258764,211.050018635,0.0186973163154
825000,249.793382004,330.387921895,0.0186973163154
826000,243.097630609,377.116715827,0.0186973163154
827000,244.467402968,334.810040429,0.0186973163154
828000,273.055650396,351.215880874,0.0186973163154
829000,280.120415033,295.832478475,0.0186973163154
830000,250.271963947,322.954123972,0.0186973163154
831000,265.112791276,315.575051342,0.0186973163154
832000,254.461751019,296.45958223,0.0186973163154
833000,247.829524963,335.485001136,0.0186973163154
834000,244.550891577,260.730478743,0.0186973163154
835000,265.666793919,166.066165564,0.0186973163154
836000,248.713293117,356.949788266,0.0186973163154
837000,265.340838086,215.40313726,0.0186973163154
838000,260.842122153,194.211985385,0.0186973163154
839000,230.024295322,430.373864967,0.0186973163154
840000,252.29648605,294.926063376,0.0186973163154
841000,252.252471372,339.716723371,0.0186973163154
842000,258.492396848,367.60722104,0.0186973163154
843000,249.393197606,318.049990077,0.0186973163154
844000,244.097800892,248.581149677,0.0186973163154
845000,259.870746104,296.106029594,0.0186973163154
846000,261.127101485,304.434120881,0.0186973163154
847000,253.518930509,216.672325263,0.0186973163154
848000,251.363734319,193.10326002,0.0186973163154
849000,252.002249231,170.559457687,0.0186973163154
850000,251.758685497,418.197561278,0.0186973163154
851000,238.925945465,395.935076646,0.0186973163154
852000,236.212944783,244.870486584,0.0186973163154
853000,271.484851729,328.653738435,0.0186973163154
854000,251.552065972,266.902858312,0.0186973163154
855000,259.604576127,302.396935807,0.0186973163154
856000,266.657571321,390.010727979,0.0186973163154
857000,258.907970027,279.192090746,0.0186973163154
858000,251.390243787,379.500997509,0.0186973163154
859000,269.375064378,314.792470491,0.0186973163154
860000,252.591810777,340.55640683,0.0186973163154
861000,280.056157613,284.392583863,0.0186973163154
862000,238.118854201,303.831842019,0.0186973163154
863000,241.503492512,383.807078803,0.0186973163154
864000,257.213303684,421.022592629,0.0186973163154
865000,243.601552944,279.09301818,0.0186973163154
866000,266.746994847,346.454681887,0.0186973163154
867000,264.584341301,210.186036823,0.0186973163154
868000,266.822283205,299.194822133,0.0186973163154
869000,248.86752029,296.578088027,0.0186973163154
870000,246.567172295,292.561991313,0.0186973163154
871000,254.701597788,286.904746707,0.0186973163154
872000,246.146064258,302.26710841,0.0186973163154
873000,236.135960813,278.022311586,0.0186973163154
874000,264.424280001,407.614510224,0.0186973163154
875000,246.535405099,301.845376987,0.0186973163154
876000,260.988276948,326.385677159,0.0186973163154
877000,284.985262574,260.904997658,0.0186973163154
878000,267.160889658,237.778701808,0.0186973163154
879000,255.129015412,202.929491844,0.0186973163154
880000,249.46212384,396.187988046,0.0186973163154
881000,253.468189318,259.942127216,0.0186973163154
882000,252.271437967,208.330305899,0.0186973163154
883000,279.250064596,316.879181888,0.0186973163154
884000,273.977339638,210.98855546,0.0186973163154
885000,268.214596782,205.069988048,0.0186973163154
886000,266.602197762,312.220139498,0.0186973163154
887000,256.796502786,442.716376963,0.0186973163154
888000,264.421566846,211.161219141,0.0186973163154
889000,256.852675388,255.839735845,0.0186973163154
890000,248.496832921,294.072920626,0.0186973163154
891000,251.854432341,219.204734641,0.0186973163154
892000,252.744006755,205.28751757,0.0186973163154
893000,238.571226296,453.491051983,0.0186973163154
894000,245.137553099,254.023608605,0.0186973163154
895000,237.604387383,266.505144223,0.0186973163154
896000,239.748550233,182.005639386,0.0186973163154
897000,271.845495234,322.131355394,0.0186973163154
898000,253.22766445,377.775808398,0.0186973163154
899000,256.752234565,430.244417959,0.0186973163154
900000,252.76181855,318.171542199,0.0186973163154
901000,248.515369574,366.305224032,0.0186973163154
902000,236.773061661,333.213147132,0.0186973163154
903000,249.215084042,404.226976795,0.0186973163154
904000,260.723249882,246.235630919,0.0186973163154
905000,257.86252879,230.787554882,0.0186973163154
906000,252.500630653,300.556286589,0.0186973163154
907000,267.764252662,274.11981564,0.0186973163154
908000,244.15382629,366.226946329,0.0186973163154
909000,270.696204449,174.966272098,0.0186973163154
910000,246.323334528,303.145630453,0.0186973163154
911000,251.322230001,336.106320207,0.0186973163154
912000,288.83642589,356.190611489,0.0186973163154
913000,254.717809961,194.419111408,0.0186973163154
914000,252.440340728,138.060183525,0.0186973163154
915000,258.370409065,371.045514135,0.0186973163154
916000,268.125664238,236.146284296,0.0186973163154
917000,257.628673281,334.013390087,0.0186973163154
918000,250.816402324,397.317706947,0.0186973163154
919000,239.020487294,169.152292213,0.0186973163154
920000,245.795161793,264.338363507,0.0186973163154
921000,266.163418356,257.886406802,0.0186973163154
922000,266.56250948,259.536163844,0.0186973163154
923000,265.491245657,400.757781278,0.0186973163154
924000,249.362849298,409.481806283,0.0186973163154
925000,271.054105419,202.334343008,0.0186973163154
926000,232.273906497,376.913494104,0.0186973163154
927000,243.024506481,270.850094363,0.0186973163154
928000,248.278335532,293.332146785,0.0186973163154
929000,247.339287795,296.724665477,0.0186973163154
930000,265.685041536,395.794945565,0.0186973163154
931000,239.670729568,243.192048036,0.0186973163154
932000,253.014062863,374.498179715,0.0186973163154
933000,258.459275065,189.059081073,0.0186973163154
934000,257.168053159,340.087541598,0.0186973163154
935000,262.072550636,252.058681824,0.0186973163154
936000,256.590798403,320.130678453,0.0186973163154
937000,254.149195602,267.619459647,0.0186973163154
938000,253.029491567,344.825923054,0.0186973163154
939000,266.140295826,252.150180739,0.0186973163154
940000,241.290378294,275.531813908,0.0186973163154
941000,265.086147199,265.581131707,0.0186973163154
942000,243.023693744,294.723632664,0.0186973163154
943000,253.992545099,339.069969527,0.0186973163154
944000,278.234356682,344.307559052,0.0186973163154
945000,283.923321254,235.69605077,0.0186973163154
946000,256.387234323,254.686304631,0.0186973163154
947000,240.985095228,226.653764246,0.0186973163154
948000,243.521240079,304.752699929,0.0186973163154
949000,238.905938989,267.020031425,0.0186973163154
950000,255.524921627,178.154281255,0.0186973163154
951000,252.450290724,430.300398369,0.0186973163154
952000,251.716022086,321.123982385,0.0186973163154
953000,263.970493837,219.794977137,0.0186973163154
954000,264.379405792,217.600710882,0.0186973163154
955000,254.079503927,255.110690576,0.0186973163154
956000,254.725682196,248.300885763,0.0186973163154
957000,244.474838668,365.246907109,0.0186973163154
958000,277.513930803,325.663084395,0.0186973163154
959000,251.376602854,301.707331385,0.0186973163154
960000,243.366970669,257.556967884,0.0186973163154
961000,270.909111633,183.981021747,0.0186973163154
962000,266.423909637,342.265672116,0.0186973163154
963000,272.499892212,320.947239273,0.0186973163154
964000,277.269511492,305.699295322,0.0186973163154
965000,252.487127266,213.520751948,0.0186973163154
966000,235.900098599,192.638798404,0.0186973163154
967000,253.55549091,251.326176667,0.0186973163154
968000,237.307807117,322.786664447,0.0186973163154
969000,264.324193434,375.701460577,0.0186973163154
970000,267.895690172,295.969059231,0.0186973163154
971000,252.722075237,253.581017522,0.0186973163154
972000,253.800975073,298.813736637,0.0186973163154
973000,260.963344885,283.550747596,0.0186973163154
974000,236.447064371,263.026100947,0.0186973163154
975000,259.679630708,226.819717959,0.0186973163154
976000,270.664053332,251.108937291,0.0186973163154
977000,257.789926404,359.505707249,0.0186973163154
978000,253.156577338,347.336041702,0.0186973163154
979000,261.143601221,508.306756377,0.0186973163154
980000,262.088017115,346.298179273,0.0186973163154
981000,255.392969099,207.10887245,0.0186973163154
982000,237.031575064,287.326739832,0.0186973163154
983000,258.135283994,304.846657295,0.0186973163154
984000,259.890182041,313.997487391,0.0186973163154
985000,264.218493946,348.517073301,0.0186973163154
986000,251.468986236,265.996702572,0.0186973163154
987000,257.606774358,355.435950057,0.0186973163154
988000,248.635008976,220.42218064,0.0186973163154
989000,265.545858849,189.467745001,0.0186973163154
990000,260.426175607,252.291391326,0.0186973163154
991000,248.204980104,320.638062596,0.0186973163154
992000,257.38945782,251.10335385,0.0186973163154
993000,250.820430686,317.075705159,0.0186973163154
994000,256.104925785,202.469942575,0.0186973163154
995000,252.024575876,418.552588092,0.0186973163154
996000,274.904412353,253.801585822,0.0186973163154
997000,251.512924203,384.728916616,0.0186973163154
998000,267.242615803,239.800958737,0.0186973163154
999000,259.694609405,325.721643841,0.0186973163154
1000000,254.77476914,253.477056026,0.0186973163154
1001000,256.10420899,311.05698222,0.0186973163154
1002000,263.48319475,348.307596056,0.0186973163154
1003000,253.683192768,207.720162749,0.0186973163154
1004000,255.42625696,442.001247457,0.0186973163154
1005000,242.58386274,219.165285144,0.0186973163154
1006000,243.136263301,348.294574183,0.0186973163154
1007000,260.090505129,260.645794854,0.0186973163154
1008000,251.575891262,256.024213242,0.0186973163154
1009000,262.045905915,306.104240356,0.0186973163154
1010000,254.943823293,236.648057287,0.0186973163154
1011000,246.302129379,235.48040335,0.0186973163154
1012000,267.611663633,196.358140835,0.0186973163154
1013000,252.708684557,325.858197745,0.0186973163154
1014000,254.721075422,364.381331861,0.0186973163154
1015000,273.132613329,269.183844158,0.0186973163154
1016000,256.600645837,337.291078668,0.0186973163154
1017000,245.003142905,275.209697639,0.0186973163154
1018000,253.352003988,273.378704732,0.0186973163154
1019000,259.757592971,357.761958224,0.0186973163154
1020000,238.69519731,199.719509449,0.0186973163154
1021000,253.992787275,314.707950288,0.0186973163154
1022000,252.062048251,352.050706184,0.0186973163154
1023000,261.737757443,416.49411726,0.0186973163154
1024000,257.026988307,262.191280089,0.0186973163154
1025000,252.206536609,238.073187442,0.0186973163154
1026000,250.879205576,320.675656881,0.0186973163154
1027000,251.365897548,306.005141759,0.0186973163154
1028000,277.86776605,384.438935711,0.0186973163154
1029000,249.915345823,192.960739242,0.0186973163154
1030000,252.074819588,289.69055129,0.0186973163154
1031000,269.067508497,345.326334706,0.0186973163154
1032000,249.921425073,307.492209196,0.0186973163154
1033000,245.925388744,222.157693242,0.0186973163154
1034000,237.81200252,329.201270185,0.0186973163154
1035000,252.976195742,217.839469833,0.0186973163154
1036000,271.014536973,440.142961861,0.0186973163154
1037000,256.493837501,348.1012091,0.0186973163154
1038000,246.949009706,347.386015049,0.0186973163154
1039000,262.733670948,256.438532571,0.0186973163154
1040000,250.54769992,224.850097978,0.0186973163154
1041000,247.423649938,272.114333006,0.0186973163154
1042000,265.062551296,371.54396791,0.0186973163154
1043000,248.123628774,431.020665406,0.0186973163154
1044000,259.1822964,363.109861811,0.0186973163154
1045000,249.834718766,291.759553545,0.0186973163154
1046000,268.926366038,288.913879846,0.0186973163154
1047000,258.800344123,295.974297498,0.0186973163154
1048000,252.817369151,637.063201557,0.0186973163154
1049000,268.201570898,262.563173145,0.0186973163154
1050000,250.854999927,214.231242803,0.0186973163154
1051000,247.63883527,251.899883024,0.0186973163154
1052000,234.599823975,293.148877225,0.0186973163154
1053000,242.163823815,325.768176682,0.0186973163154
1054000,244.973778444,373.875984997,0.0186973163154
1055000,248.432059881,288.181721173,0.0186973163154
1056000,235.419270622,266.540717206,0.0186973163154
1057000,264.536483102,270.478804181,0.0186973163154
1058000,256.305451919,341.730051161,0.0186973163154
1059000,267.112018874,246.822320277,0.0186973163154
1060000,265.645788856,259.256262991,0.0186973163154
1061000,272.252026022,245.87526934,0.0186973163154
1062000,265.79304632,261.876478783,0.0186973163154
1063000,260.873020389,418.709827257,0.0186973163154
1064000,263.996760528,535.733803266,0.0186973163154
1065000,249.411400592,276.330548627,0.0186973163154
1066000,243.829226241,206.96895809,0.0186973163154
1067000,261.210304708,239.302789446,0.0186973163154
1068000,237.462711862,319.950671259,0.0186973163154
1069000,233.2492647,153.217902269,0.0186973163154
1070000,261.859580322,376.99478874,0.0186973163154
1071000,260.654705814,297.127523705,0.0186973163154
1072000,238.157348268,273.881785141,0.0186973163154
1073000,244.993085832,232.829904539,0.0186973163154
1074000,268.277016468,292.978909033,0.0186973163154
1075000,252.150054697,380.988080956,0.0186973163154
1076000,235.367632519,392.548862276,0.0186973163154
1077000,250.146591039,287.60926511,0.0186973163154
1078000,252.295045834,488.864884795,0.0186973163154
1079000,262.606975952,223.183176194,0.0186973163154
1080000,239.202102267,209.98196033,0.0186973163154
1081000,244.893758591,202.01908396,0.0186973163154
1082000,261.222774288,188.66480341,0.0186973163154
1083000,263.555787558,387.513015408,0.0186973163154
1084000,247.984988596,283.497805058,0.0186973163154
1085000,272.729087632,509.15861236,0.0186973163154
1086000,260.757691278,409.111421109,0.0186973163154
1087000,255.224020627,239.439810722,0.0186973163154
1088000,268.7116219,319.459326262,0.0186973163154
1089000,255.746780112,338.127421808,0.0186973163154
1090000,247.02766332,341.843974291,0.0186973163154
1091000,246.607906993,359.771737895,0.0186973163154
1092000,248.607479021,287.846607017,0.0186973163154
1093000,254.030630367,283.68204206,0.0186973163154
1094000,247.103292175,296.681412904,0.0186973163154
1095000,250.866889818,348.031066966,0.0186973163154
1096000,251.294668289,206.943216842,0.0186973163154
1097000,255.402331377,271.62176226,0.0186973163154
1098000,258.521650316,391.963734863,0.0186973163154
1099000,265.733542719,265.38851531,0.0186973163154
1100000,255.576103767,250.923212013,0.0186973163154
1101000,254.968033991,275.192087962,0.0186973163154
1102000,256.757382615,170.278699115,0.0186973163154
1103000,259.28729801,317.651604326,0.0186973163154
1104000,259.790662219,228.336910204,0.0186973163154
1105000,243.071028956,239.225668974,0.0186973163154
1106000,248.557465779,293.794400148,0.0186973163154
1107000,256.272650701,234.240977951,0.0186973163154
1108000,250.143870495,454.989425523,0.0186973163154
1109000,245.98050524,310.127306734,0.0186973163154
1110000,262.186990232,313.352155745,0.0186973163154
1111000,245.040084186,363.893095206,0.0186973163154
1112000,248.235287631,288.535360155,0.0186973163154
1113000,257.685182095,202.094090127,0.0186973163154
1114000,268.029095877,368.776395138,0.0186973163154
1115000,254.241842745,356.002818705,0.0186973163154
1116000,276.102139866,146.893845313,0.0186973163154
1117000,271.674487922,375.52235133,0.0186973163154
1118000,245.653463134,222.834719335,0.0186973163154
1119000,253.695848597,382.544672918,0.0186973163154
1120000,231.677313574,254.563277619,0.0186973163154
1121000,242.668674629,194.488182352,0.0186973163154
1122000,246.887892226,301.747666416,0.0186973163154
1123000,238.033096871,222.854162484,0.0186973163154
1124000,240.765372263,368.441086376,0.0186973163154
1125000,261.890072579,359.690173409,0.0186973163154
1126000,264.567318403,258.035179454,0.0186973163154
1127000,248.458056241,246.693569294,0.0186973163154
1128000,254.383902214,266.000576746,0.0186973163154
1129000,252.062760174,224.105133105,0.0186973163154
1130000,262.354004848,195.553309597,0.0186973163154
1131000,247.052200284,223.4780846,0.0186973163154
1132000,244.835395196,418.390592806,0.0186973163154
1133000,240.70577625,461.683790373,0.0186973163154
1134000,272.682544836,457.980612902,0.0186973163154
1135000,260.833053161,351.943254343,0.0186973163154
1136000,265.729325605,234.978405428,0.0186973163154
1137000,246.908049237,510.817532773,0.0186973163154
1138000,247.400780508,256.783235336,0.0186973163154
1139000,264.808500875,244.481203558,0.0186973163154
1140000,261.450744692,265.993766305,0.0186973163154
1141000,256.220020242,238.438524235,0.0186973163154
1142000,248.889577306,303.54843148,0.0186973163154
1143000,262.276775818,351.290008794,0.0186973163154
1144000,249.199028582,250.407156164,0.0186973163154
1145000,248.279757658,434.537469568,0.0186973163154
1146000,244.212111954,254.166455307,0.0186973163154
1147000,235.191911785,275.675020988,0.0186973163154
1148000,246.377435308,303.555252229,0.0186973163154
1149000,256.887576792,270.014584753,0.0186973163154
1150000,257.496665922,475.456947651,0.0186973163154
1151000,261.941134895,259.997434877,0.0186973163154
1152000,257.979566225,249.131199891,0.0186973163154
1153000,243.673898619,316.957093669,0.0186973163154
1154000,261.450371022,247.068191438,0.0186973163154
1155000,244.605209214,379.914944861,0.0186973163154
1156000,254.72613113,255.449817821,0.0186973163154
1157000,258.736924171,325.604821881,0.0186973163154
1158000,259.802279869,226.945417929,0.0186973163154
1159000,256.459544637,298.552317874,0.0186973163154
1160000,260.107163035,269.651467151,0.0186973163154
1161000,239.355612321,309.048815336,0.0186973163154
1162000,278.503173386,179.359027926,0.0186973163154
1163000,258.204746938,393.821532034,0.0186973163154
1164000,266.033949952,277.551274187,0.0186973163154
1165000,239.854427608,176.779978585,0.0186973163154
1166000,243.520795516,315.322584589,0.0186973163154
1167000,264.058633509,267.436769556,0.0186973163154
1168000,252.92926777,296.048952406,0.0186973163154
1169000,243.489157728,287.449228345,0.0186973163154
1170000,253.498332069,351.982383964,0.0186973163154
1171000,262.727420492,481.108607928,0.0186973163154
1172000,255.646888017,264.554754791,0.0186973163154
1173000,270.490680691,221.720552419,0.0186973163154
1174000,247.292735477,262.152889425,0.0186973163154
1175000,272.30776178,364.658386892,0.0186973163154
1176000,249.197765963,462.228046444,0.0186973163154
1177000,266.588166284,316.283946319,0.0186973163154
1178000,247.333962278,315.372973249,0.0186973163154
1179000,242.845869658,460.162305506,0.0186973163154
1180000,258.756765248,318.143893805,0.0186973163154
1181000,249.948616932,282.757710618,0.0186973163154
1182000,272.300706438,382.276066868,0.0186973163154
1183000,248.944284721,298.786641847,0.0186973163154
1184000,259.532300288,351.998653021,0.0186973163154
1185000,244.279821845,191.978601664,0.0186973163154
1186000,234.144504318,306.739247733,0.0186973163154
1187000,249.202134039,276.865827783,0.0186973163154
1188000,279.544332335,273.499479795,0.0186973163154
1189000,255.032816051,268.312119219,0.0186973163154
1190000,238.684128111,288.293629124,0.0186973163154
1191000,253.5751442,309.741344436,0.0186973163154
1192000,255.995432082,276.843913566,0.0186973163154
1193000,249.109020922,261.849909797,0.0186973163154
1194000,245.823506871,258.002052436,0.0186973163154
1195000,258.598575761,349.366735538,0.0186973163154
1196000,249.211882237,300.29301307,0.0186973163154
1197000,251.06528618,314.097554541,0.0186973163154
1198000,233.632728522,352.186654607,0.0186973163154
1199000,256.66464399,266.114691579,0.0186973163154
1200000,232.552587676,353.695572721,0.0186973163154
1201000,248.554839259,307.319434479,0.0186973163154
1202000,249.844150532,380.691174258,0.0186973163154
1203000,242.027444606,327.70914857,0.0186973163154
1204000,257.287461846,368.363288818,0.0186973163154
1205000,288.225833095,434.270654955,0.0186973163154
1206000,240.965400267,301.894473549,0.0186973163154
1207000,264.068278023,291.66320835,0.0186973163154
1208000,284.154532099,449.75078408,0.0186973163154
1209000,257.206026515,275.900505678,0.0186973163154
1210000,245.884900533,263.807434826,0.0186973163154
1211000,252.323672847,426.103132435,0.0186973163154
1212000,252.403233632,269.904628925,0.0186973163154
1213000,262.75760892,279.403995746,0.0186973163154
1214000,240.674763999,360.42320842,0.0186973163154
1215000,258.088986391,242.327785941,0.0186973163154
1216000,269.512505582,198.442239825,0.0186973163154
1217000,260.775644739,362.407937784,0.0186973163154
1218000,255.669974431,294.243771137,0.0186973163154
1219000,282.252800881,151.779816409,0.0186973163154
1220000,246.736185204,447.140202383,0.0186973163154
1221000,263.510302241,401.287240861,0.0186973163154
1222000,265.766976768,259.172714397,0.0186973163154
1223000,236.067935174,348.662400467,0.0186973163154
1224000,264.578446363,424.427269597,0.0186973163154
1225000,259.08294206,446.315522285,0.0186973163154
1226000,253.472614972,455.738284239,0.0186973163154
1227000,246.205504493,268.598420153,0.0186973163154
1228000,246.756673078,207.015011173,0.0186973163154
1229000,247.530501509,346.930989594,0.0186973163154
1230000,258.372770016,119.271189407,0.0186973163154
1231000,251.920598616,389.273034509,0.0186973163154
1232000,271.897399761,403.85813602,0.0186973163154
1233000,252.320158743,384.471380594,0.0186973163154
1234000,258.73349908,348.263028487,0.0186973163154
1235000,266.296935557,534.308899202,0.0186973163154
1236000,252.12336591,293.767278003,0.0186973163154
1237000,274.555470316,283.933405877,0.0186973163154
1238000,263.214017913,282.704846478,0.0186973163154
1239000,250.348054877,189.62241665,0.0186973163154
1240000,238.234857207,280.080451914,0.0186973163154
1241000,250.253154259,303.279331636,0.0186973163154
1242000,272.553790753,206.62077095,0.0186973163154
1243000,251.190982998,273.464238922,0.0186973163154
1244000,254.299345096,253.570043433,0.0186973163154
1245000,252.276322446,365.991137917,0.0186973163154
1246000,244.682384265,296.69671753,0.0186973163154
1247000,269.656148628,308.323606089,0.0186973163154
1248000,244.676160447,207.837164656,0.0186973163154
1249000,248.663848129,272.665453597,0.0186973163154
1250000,280.164649101,335.695053856,0.0186973163154
1251000,280.894944909,199.091021085,0.0186973163154
1252000,261.901221311,353.999754126,0.0186973163154
1253000,248.978565397,328.828898949,0.0186973163154
1254000,264.829852514,278.186990379,0.0186973163154
1255000,251.144144478,305.55122857,0.0186973163154
1256000,257.765068859,359.698917077,0.0186973163154
1257000,261.40451954,393.551376031,0.0186973163154
1258000,246.776110632,326.799726369,0.0186973163154
1259000,254.460372727,307.501555467,0.0186973163154
1260000,247.509583211,248.426436263,0.0186973163154
1261000,275.398476608,308.723105655,0.0186973163154
1262000,267.561497109,420.672216274,0.0186973163154
1263000,282.640841003,370.232538977,0.0186973163154
1264000,238.679803526,242.355715555,0.0186973163154
1265000,251.283367257,282.256728171,0.0186973163154
1266000,241.085434093,354.559992553,0.0186973163154
1267000,251.138922919,230.94319708,0.0186973163154
1268000,229.731800456,283.506291096,0.0186973163154
1269000,254.873926187,238.378863515,0.0186973163154
1270000,253.055527545,219.25094684,0.0186973163154
1271000,238.818663022,362.337813298,0.0186973163154
1272000,237.205850905,204.832045408,0.0186973163154
1273000,274.738303449,262.075690396,0.0186973163154
1274000,265.19320152,381.22457237,0.0186973163154
1275000,254.459909948,326.019981485,0.0186973163154
1276000,252.385509205,247.050714074,0.0186973163154
1277000,239.570217118,341.694083515,0.0186973163154
1278000,261.842265896,286.183320568,0.0186973163154
1279000,250.746480253,310.423745049,0.0186973163154
1280000,244.380758112,402.831684703,0.0186973163154
1281000,250.374228996,157.253927544,0.0186973163154
1282000,251.339422729,323.008806435,0.0186973163154
1283000,241.053116729,333.080255181,0.0186973163154
1284000,251.199201314,248.152771143,0.0186973163154
1285000,250.711935585,290.904098527,0.0186973163154
1286000,258.856406601,363.572715648,0.0186973163154
1287000,252.099440634,325.601406547,0.0186973163154
1288000,288.558352884,214.643479975,0.0186973163154
1289000,253.553871805,387.230724408,0.0186973163154
1290000,238.268069484,206.568318297,0.0186973163154
1291000,254.544942951,381.737163516,0.0186973163154
1292000,254.307472933,251.455094832,0.0186973163154
1293000,250.955037719,204.450446992,0.0186973163154
1294000,247.739696236,375.429686246,0.0186973163154
1295000,238.439226631,344.23089694,0.0186973163154
1296000,259.267839196,319.572352045,0.0186973163154
1297000,262.721407549,300.900234388,0.0186973163154
1298000,258.013072003,228.871779717,0.0186973163154
1299000,252.016708198,302.48723465,0.0186973163154
1300000,247.354646674,352.070066304,0.0186973163154
1301000,243.557212386,222.837473478,0.0186973163154
1302000,259.460034663,404.979672736,0.0186973163154
1303000,274.465061088,314.87336579,0.0186973163154
1304000,248.912702822,257.84810596,0.0186973163154
1305000,278.135386291,287.552246077,0.0186973163154
1306000,250.592418113,268.329431978,0.0186973163154
1307000,257.606916749,284.585813212,0.0186973163154
1308000,240.379426982,381.853276648,0.0186973163154
1309000,262.287564756,264.270907949,0.0186973163154
1310000,254.2977346,332.371615369,0.0186973163154
1311000,256.383172808,187.350503209,0.0186973163154
1312000,254.195863303,263.677922062,0.0186973163154
1313000,258.140668292,207.484251982,0.0186973163154
1314000,259.970164865,357.677296954,0.0186973163154
1315000,240.157199733,291.556980775,0.0186973163154
1316000,243.239772326,129.381203531,0.0186973163154
1317000,255.141510048,326.241641864,0.0186973163154
1318000,260.256975075,394.409162416,0.0186973163154
1319000,236.418475038,462.027490648,0.0186973163154
1320000,244.663731141,455.975428121,0.0186973163154
1321000,250.787965664,312.843451111,0.0186973163154
1322000,237.197408487,208.388535411,0.0186973163154
1323000,247.556839386,241.099510546,0.0186973163154
1324000,271.3055167,398.832783849,0.0186973163154
1325000,255.047973144,277.974013136,0.0186973163154
1326000,250.366946273,407.687617293,0.0186973163154
1327000,248.813905226,327.162054568,0.0186973163154
1328000,235.140725689,293.575663463,0.0186973163154
1329000,257.666715112,317.992890598,0.0186973163154
1330000,260.38957743,199.355865996,0.0186973163154
1331000,245.820231768,203.041569763,0.0186973163154
1332000,240.385150338,316.635049215,0.0186973163154
1333000,255.122190633,260.454146956,0.0186973163154
1334000,249.725691789,403.328741941,0.0186973163154
1335000,266.843744574,325.047512109,0.0186973163154
1336000,272.610211894,499.642775015,0.0186973163154
1337000,233.619855222,267.975302424,0.0186973163154
1338000,243.073861652,279.886160573,0.0186973163154
1339000,236.043501379,312.168256209,0.0186973163154
1340000,246.055587391,240.736461144,0.0186973163154
1341000,269.832798863,391.655112831,0.0186973163154
1342000,260.777725081,524.210501221,0.0186973163154
1343000,260.181147654,378.725983679,0.0186973163154
1344000,259.722871395,344.564219296,0.0186973163154
1345000,250.168012973,211.109691197,0.0186973163154
1346000,259.784787404,423.993781076,0.0186973163154
1347000,263.335532216,383.918956973,0.0186973163154
1348000,243.908556248,361.005848071,0.0186973163154
1349000,265.210026986,247.758587643,0.0186973163154
1350000,243.259113853,266.662501879,0.0186973163154
1351000,241.632735491,220.119538845,0.0186973163154
1352000,250.953647495,296.478424694,0.0186973163154
1353000,245.688562161,267.552826159,0.0186973163154
1354000,273.650402977,287.587728459,0.0186973163154
1355000,242.172256474,232.981894492,0.0186973163154
1356000,250.909888302,246.552230577,0.0186973163154
1357000,248.623220757,206.871521492,0.0186973163154
1358000,254.962387162,239.455564756,0.0186973163154
1359000,261.70604202,344.234232453,0.0186973163154
1360000,274.351458728,283.968791927,0.0186973163154
1361000,258.910943664,365.062640669,0.0186973163154
1362000,257.28322527,548.633508168,0.0186973163154
1363000,239.088942709,390.488685936,0.0186973163154
1364000,247.517018097,279.087445318,0.0186973163154
1365000,244.635866335,356.044214006,0.0186973163154
1366000,249.565923026,166.751292359,0.0186973163154
1367000,246.284257448,208.914095118,0.0186973163154
1368000,255.217065337,252.72669673,0.0186973163154
1369000,271.60045415,232.03441325,0.0186973163154
1370000,266.992515249,242.282963701,0.0186973163154
1371000,258.614164071,292.48244727,0.0186973163154
1372000,239.109001982,258.855108009,0.0186973163154
1373000,254.493188286,252.53884861,0.0186973163154
1374000,251.969978137,337.357191655,0.0186973163154
1375000,246.256261755,450.532709633,0.0186973163154
1376000,267.448811113,332.777001787,0.0186973163154
1377000,267.955025256,234.566130192,0.0186973163154
1378000,257.458216138,376.958174393,0.0186973163154
1379000,248.238452838,252.307328302,0.0186973163154
1380000,250.918255002,247.197782957,0.0186973163154
1381000,268.405631752,284.557429068,0.0186973163154
1382000,250.613656953,430.658444582,0.0186973163154
1383000,279.603628205,311.228298619,0.0186973163154
1384000,248.616851242,237.870332558,0.0186973163154
1385000,257.886195677,260.20131369,0.0186973163154
1386000,261.541461163,320.037029943,0.0186973163154
1387000,253.224629306,291.433535573,0.0186973163154
1388000,278.492232593,239.36762702,0.0186973163154
1389000,253.072152547,269.874665612,0.0186973163154
1390000,250.374756521,239.275111488,0.0186973163154
1391000,276.000307103,365.289014,0.0186973163154
1392000,244.196380038,458.555679437,0.0186973163154
1393000,256.199876506,435.541373522,0.0186973163154
1394000,260.58796101,332.939616451,0.0186973163154
1395000,260.25041998,325.214999202,0.0186973163154
1396000,275.847954609,332.737117689,0.0186973163154
1397000,271.149420955,284.725080869,0.0186973163154
1398000,258.84309599,367.782615537,0.0186973163154
1399000,267.863643893,294.979108249,0.0186973163154
1400000,265.372003513,377.602229259,0.0186973163154
1401000,259.060032251,253.866029609,0.0186973163154
1402000,234.380175854,204.293561319,0.0186973163154
1403000,242.750773708,277.182629352,0.0186973163154
1404000,252.653088853,347.187335236,0.0186973163154
1405000,243.079399791,253.417604452,0.0186973163154
1406000,254.614501802,387.227513335,0.0186973163154
1407000,250.519109118,365.116882501,0.0186973163154
1408000,257.23372006,260.744005957,0.0186973163154
1409000,251.471842129,280.552567273,0.0186973163154
1410000,253.659645753,199.821445767,0.0186973163154
1411000,256.777171068,379.376604737,0.0186973163154
1412000,279.915103033,375.61272906,0.0186973163154
1413000,245.294397522,307.329671936,0.0186973163154
1414000,264.009422257,273.9370008,0.0186973163154
1415000,243.849752299,443.859871653,0.0186973163154
1416000,242.708664331,274.953127198,0.0186973163154
1417000,256.906464164,248.64202728,0.0186973163154
1418000,242.052866278,280.685768286,0.0186973163154
1419000,266.304387048,332.688559796,0.0186973163154
1420000,277.982855897,408.914497341,0.0186973163154
1421000,262.828780441,234.684389147,0.0186973163154
1422000,259.486734694,320.988991041,0.0186973163154
1423000,253.948317298,328.021084551,0.0186973163154
1424000,289.162255245,301.361690766,0.0186973163154
1425000,260.720281006,419.101019709,0.0186973163154
1426000,253.340240412,407.912147248,0.0186973163154
1427000,260.848846797,320.039504041,0.0186973163154
1428000,261.01145659,207.309275136,0.0186973163154
1429000,249.345478826,222.786676753,0.0186973163154
1430000,256.182116345,406.890880733,0.0186973163154
1431000,252.924290548,338.272264949,0.0186973163154
1432000,282.735465421,267.528101472,0.0186973163154
1433000,256.598674072,225.366967177,0.0186973163154
1434000,245.294647033,376.976798462,0.0186973163154
1435000,266.488072532,329.322599377,0.0186973163154
1436000,272.489621422,248.802825661,0.0186973163154
1437000,264.922839817,219.444359032,0.0186973163154
1438000,256.269918901,275.274460652,0.0186973163154
1439000,240.399417544,298.180287984,0.0186973163154
1440000,250.064956188,234.165722884,0.0186973163154
1441000,240.515078123,372.212128478,0.0186973163154
1442000,264.978688335,346.676653584,0.0186973163154
1443000,241.690683391,352.64735028,0.0186973163154
1444000,256.362771135,298.62688444,0.0186973163154
1445000,261.321218079,274.347670067,0.0186973163154
1446000,273.978848738,216.459357895,0.0186973163154
1447000,278.077816732,321.611778622,0.0186973163154
1448000,266.497372229,422.438979639,0.0186973163154
1449000,242.213439397,290.339777839,0.0186973163154
1450000,239.475240803,312.602112643,0.0186973163154
1451000,262.128356004,322.114901734,0.0186973163154
1452000,256.77865268,420.837024748,0.0186973163154
1453000,267.17698899,375.72389784,0.0186973163154
1454000,269.428934961,327.543373611,0.0186973163154
1455000,260.379159466,373.593714651,0.0186973163154
1456000,270.53169333,366.147470941,0.0186973163154
1457000,265.851277874,261.746569042,0.0186973163154
1458000,259.519689742,232.775086938,0.0186973163154
1459000,247.66120441,358.407265551,0.0186973163154
1460000,249.921068639,300.755664186,0.0186973163154
1461000,256.229718333,373.480574486,0.0186973163154
1462000,259.788535395,302.736240254,0.0186973163154
1463000,243.737138419,245.952393108,0.0186973163154
1464000,250.111927975,369.296522154,0.0186973163154
1465000,247.290498606,234.122447072,0.0186973163154
1466000,254.837481279,191.689605501,0.0186973163154
1467000,263.130276722,272.993515142,0.0186973163154
1468000,262.802129458,291.220699427,0.0186973163154
1469000,252.500957556,366.638438962,0.0186973163154
1470000,259.776182187,340.116178044,0.0186973163154
1471000,243.728157595,470.83336017,0.0186973163154
1472000,249.792709006,605.721166866,0.0186973163154
1473000,253.718094761,239.633744835,0.0186973163154
1474000,254.357908797,299.545665872,0.0186973163154
1475000,275.653236495,315.020163016,0.0186973163154
1476000,258.732292099,366.09953799,0.0186973163154
1477000,237.178637269,223.869445402,0.0186973163154
1478000,251.245784202,339.642039053,0.0186973163154
1479000,256.846080216,253.566292977,0.0186973163154
1480000,279.383663531,282.13458185,0.0186973163154
1481000,261.768485742,412.689271183,0.0186973163154
1482000,232.38067138,230.139854913,0.0186973163154
1483000,252.993172992,439.962367306,0.0186973163154
1484000,246.561818494,208.732735799,0.0186973163154
1485000,242.593475932,312.528515723,0.0186973163154
1486000,253.437644068,243.497944881,0.0186973163154
1487000,241.900890804,313.560444707,0.0186973163154
1488000,249.676051724,269.67924835,0.0186973163154
1489000,258.972460512,270.055356585,0.0186973163154
1490000,249.35174627,447.55581887,0.0186973163154
1491000,261.200398991,267.428947077,0.0186973163154
1492000,258.635261159,253.391153213,0.0186973163154
1493000,251.877030084,331.78954339,0.0186973163154
1494000,260.04397016,286.424273713,0.0186973163154
1495000,271.766060871,408.574116725,0.0186973163154
1496000,255.460191937,508.36829382,0.0186973163154
1497000,241.645207935,297.865570568,0.0186973163154
1498000,241.810653484,224.914877948,0.0186973163154
1499000,242.050975526,354.5192592,0.0186973163154
1500000,244.829516164,343.175297243,0.0186973163154
1501000,255.631191645,331.508429292,0.0186973163154
1502000,258.591857169,372.224150596,0.0186973163154
1503000,261.897921115,283.343140469,0.0186973163154
1504000,262.481749318,233.092716085,0.0186973163154
1505000,259.01511438,361.390824004,0.0186973163154
1506000,260.018054349,233.664436934,0.0186973163154
1507000,264.230092008,325.596582591,0.0186973163154
1508000,249.803517092,253.740820799,0.0186973163154
1509000,250.499880523,266.102868545,0.0186973163154
1510000,248.515239969,150.519537691,0.0186973163154
1511000,260.141323893,269.888029376,0.0186973163154
1512000,260.889412023,302.868867154,0.0186973163154
1513000,268.555210601,282.354214119,0.0186973163154
1514000,253.959882919,419.89999669,0.0186973163154
1515000,255.56255311,270.638111771,0.0186973163154
1516000,242.173103138,284.301580238,0.0186973163154
1517000,260.965611778,158.462326388,0.0186973163154
1518000,255.880053479,207.189390717,0.0186973163154
1519000,267.355489973,274.068550359,0.0186973163154
1520000,265.981760459,194.768429237,0.0186973163154
1521000,241.257059718,285.91112446,0.0186973163154
1522000,239.677374902,260.154225618,0.0186973163154
1523000,256.216498744,237.067685722,0.0186973163154
1524000,251.18790766,214.640288107,0.0186973163154
1525000,240.900937066,190.395602671,0.0186973163154
1526000,260.389639411,169.998290344,0.0186973163154
1527000,267.513802771,333.585671608,0.0186973163154
1528000,262.75815566,470.018063979,0.0186973163154
1529000,243.259399012,277.616853708,0.0186973163154
1530000,238.33460555,308.494797541,0.0186973163154
1531000,269.336465065,181.862773573,0.0186973163154
1532000,250.446207131,219.408329167,0.0186973163154
1533000,254.402027196,437.452131871,0.0186973163154
1534000,256.106582387,182.4056563,0.0186973163154
1535000,251.432871138,280.094783057,0.0186973163154
1536000,251.641900496,406.739738654,0.0186973163154
1537000,254.556684711,232.762596596,0.0186973163154
1538000,237.942065692,250.568015579,0.0186973163154
1539000,258.256593737,262.734313274,0.0186973163154
1540000,265.548144188,319.137808272,0.0186973163154
1541000,265.069300896,342.614177768,0.0186973163154
1542000,232.904236764,417.948718782,0.0186973163154
1543000,262.910604815,218.26093355,0.0186973163154
1544000,249.616930113,309.478483893,0.0186973163154
1545000,262.36459586,258.84093679,0.0186973163154
1546000,260.958520149,147.49344358,0.0186973163154
1547000,262.97464335,220.46562301,0.0186973163154
1548000,258.439573934,276.493414498,0.0186973163154
1549000,243.441991692,232.591148891,0.0186973163154
1550000,257.957299024,405.193819647,0.0186973163154
1551000,253.290502257,213.886786423,0.0186973163154
1552000,247.414963704,235.697963675,0.0186973163154
1553000,258.593213068,252.029633625,0.0186973163154
1554000,247.346628625,385.31286289,0.0186973163154
1555000,238.292273698,330.182331668,0.0186973163154
1556000,271.371004904,258.048315354,0.0186973163154
1557000,252.8624263,310.011865601,0.0186973163154
1558000,257.71088327,232.341740187,0.0186973163154
1559000,249.093497779,226.424606416,0.0186973163154
1560000,289.990187744,260.635618616,0.0186973163154
1561000,242.346992987,404.9073334,0.0186973163154
1562000,261.834606983,381.663577938,0.0186973163154
1563000,243.035083121,369.203609728,0.0186973163154
1564000,244.19516205,280.200881463,0.0186973163154
1565000,256.811595955,326.357204576,0.0186973163154
1566000,245.823275761,377.007771506,0.0186973163154
1567000,258.319200403,344.820191106,0.0186973163154
1568000,256.905546864,265.360905783,0.0186973163154
1569000,263.949292055,229.156549617,0.0186973163154
1570000,249.830624293,182.791825417,0.0186973163154
1571000,262.56184764,228.909238801,0.0186973163154
1572000,266.927501475,305.858470018,0.0186973163154
1573000,259.372983187,382.197123592,0.0186973163154
1574000,283.679231815,318.751798396,0.0186973163154
1575000,266.965407617,248.905835909,0.0186973163154
1576000,266.388744378,411.602962661,0.0186973163154
1577000,268.044248248,463.600644405,0.0186973163154
1578000,270.476178721,330.70811472,0.0186973163154
1579000,261.08490708,390.330671573,0.0186973163154
1580000,248.466909311,364.052535891,0.0186973163154
1581000,248.802132871,364.94458663,0.0186973163154
1582000,260.379146858,336.259985194,0.0186973163154
1583000,245.816440921,287.648541853,0.0186973163154
1584000,253.194416041,158.324745943,0.0186973163154
1585000,260.865255429,308.330090191,0.0186973163154
1586000,247.147271332,308.510748875,0.0186973163154
1587000,236.843002146,327.590207932,0.0186973163154
1588000,263.161443179,204.66782719,0.0186973163154
1589000,236.08690608,376.150216106,0.0186973163154
1590000,240.01611376,424.732100038,0.0186973163154
1591000,266.419016937,318.092568657,0.0186973163154
1592000,262.410771169,453.018839933,0.0186973163154
1593000,247.626083312,238.12832316,0.0186973163154
1594000,252.307519511,232.465213604,0.0186973163154
1595000,270.716610575,417.081873388,0.0186973163154
1596000,256.920816254,349.275693823,0.0186973163154
1597000,254.436716356,290.901055663,0.0186973163154
1598000,248.323344053,227.153503033,0.0186973163154
1599000,236.325083879,289.308471409,0.0186973163154
1600000,252.926919442,205.469149061,0.0186973163154
1601000,248.063389345,185.145635302,0.0186973163154
1602000,282.718204126,170.250307866,0.0186973163154
1603000,246.242911812,203.155591647,0.0186973163154
1604000,252.727250844,391.093607681,0.0186973163154
1605000,246.25205143,324.647054455,0.0186973163154
1606000,283.467808678,315.831243532,0.0186973163154
1607000,264.62241901,310.094804147,0.0186973163154
1608000,236.155368864,206.594895736,0.0186973163154
1609000,246.138256902,206.27198449,0.0186973163154
1610000,258.290853726,247.021179149,0.0186973163154
1611000,258.303379738,376.427691601,0.0186973163154
1612000,269.993795069,258.359830598,0.0186973163154
1613000,244.597832705,346.05948229,0.0186973163154
1614000,250.652405372,270.42445112,0.0186973163154
1615000,266.342510452,320.330565235,0.0186973163154
1616000,240.843598866,345.469872431,0.0186973163154
1617000,258.31396279,285.931737352,0.0186973163154
1618000,261.295518423,292.29374941,0.0186973163154
1619000,268.068188752,274.950256014,0.0186973163154
1620000,242.719118656,280.112877658,0.0186973163154
1621000,256.598200707,322.4536297,0.0186973163154
1622000,245.021665141,372.128267049,0.0186973163154
1623000,243.994743069,230.371498838,0.0186973163154
1624000,256.867426313,338.13780503,0.0186973163154
1625000,263.103132853,190.722550104,0.0186973163154
1626000,260.864773427,322.309284005,0.0186973163154
1627000,255.054491254,210.01482895,0.0186973163154
1628000,237.508638022,390.144652283,0.0186973163154
1629000,265.187312268,283.550517057,0.0186973163154
1630000,267.361117537,161.878664477,0.0186973163154
1631000,248.625151523,244.568346541,0.0186973163154
1632000,240.669933951,298.111039901,0.0186973163154
1633000,263.171216905,258.682378398,0.0186973163154
1634000,258.779228222,299.260660351,0.0186973163154
1635000,246.867601413,274.898008899,0.0186973163154
1636000,250.908202108,181.691886692,0.0186973163154
1637000,243.597252624,340.721673807,0.0186973163154
1638000,261.864420203,251.234587589,0.0186973163154
1639000,263.219351768,295.538848746,0.0186973163154
1640000,264.743765333,320.408255552,0.0186973163154
1641000,259.990524733,329.343549924,0.0186973163154
1642000,267.03178901,251.781048457,0.0186973163154
1643000,266.648924449,338.473969992,0.0186973163154
1644000,250.811868702,338.549050911,0.0186973163154
1645000,250.639846816,252.488607592,0.0186973163154
1646000,246.515902846,187.543113308,0.0186973163154
1647000,239.725995863,223.970073385,0.0186973163154
1648000,242.405785087,183.569659394,0.0186973163154
1649000,265.933278439,319.416577042,0.0186973163154
1650000,269.125377578,295.478596115,0.0186973163154
1651000,245.021256778,255.201152848,0.0186973163154
1652000,240.514585988,236.17408498,0.0186973163154
1653000,235.290872345,340.953621575,0.0186973163154
1654000,245.14366241,375.160418608,0.0186973163154
1655000,278.607088376,320.524581055,0.0186973163154
1656000,235.168003416,262.956906636,0.0186973163154
1657000,254.654155147,254.699392416,0.0186973163154
1658000,256.905551937,360.772810352,0.0186973163154
1659000,252.271712041,163.119434238,0.0186973163154
1660000,260.022082708,270.604532078,0.0186973163154
1661000,245.823346928,281.482914978,0.0186973163154
1662000,243.817717413,264.426702684,0.0186973163154
1663000,249.988220241,296.716801425,0.0186973163154
1664000,246.082151123,216.106484041,0.0186973163154
1665000,255.316491707,315.567976764,0.0186973163154
1666000,254.641193877,250.274218353,0.0186973163154
1667000,258.055879764,324.574468492,0.0186973163154
1668000,255.193645117,293.73865002,0.0186973163154
1669000,255.002378786,195.349284017,0.0186973163154
1670000,245.306790001,272.024343043,0.0186973163154
1671000,245.11316656,251.983182237,0.0186973163154
1672000,264.707298815,369.411567233,0.0186973163154
1673000,261.247134782,357.50517572,0.0186973163154
1674000,240.02801082,394.722555209,0.0186973163154
1675000,244.917244355,218.076857922,0.0186973163154
1676000,251.182017892,294.498594247,0.0186973163154
1677000,250.918684323,328.03616111,0.0186973163154
1678000,261.401162186,358.917632999,0.0186973163154
1679000,240.925565685,346.385026162,0.0186973163154
1680000,251.113026697,276.280402493,0.0186973163154
1681000,248.520857395,392.193988025,0.0186973163154
1682000,257.06229644,283.553670528,0.0186973163154
1683000,258.420970995,353.315752163,0.0186973163154
1684000,252.748536432,340.331546006,0.0186973163154
1685000,248.926762594,278.935321445,0.0186973163154
1686000,255.758678232,204.034901996,0.0186973163154
1687000,251.816233195,430.080379449,0.0186973163154
1688000,258.14622591,252.610504298,0.0186973163154
1689000,251.803970881,269.015730848,0.0186973163154
1690000,264.902088795,285.129267273,0.0186973163154
1691000,241.045647637,297.804290284,0.0186973163154
1692000,252.604151171,294.110958851,0.0186973163154
1693000,267.092544122,211.954221908,0.0186973163154
1694000,251.798624598,321.641300696,0.0186973163154
1695000,273.396136744,346.293020557,0.0186973163154
1696000,252.544108057,331.763458684,0.0186973163154
1697000,246.214141919,408.640139101,0.0186973163154
1698000,284.788677432,247.679362296,0.0186973163154
1699000,256.1614094,290.610555542,0.0186973163154
1700000,273.156430924,195.528250794,0.0186973163154
1701000,240.443801262,277.18964449,0.0186973163154
1702000,257.195066503,296.478179493,0.0186973163154
1703000,261.422863448,176.72014921,0.0186973163154
1704000,286.130409226,272.63776267,0.0186973163154
1705000,261.34038628,163.154421506,0.0186973163154
1706000,229.416294992,452.308549489,0.0186973163154
1707000,253.160241395,288.075355057,0.0186973163154
1708000,243.013147232,330.391612443,0.0186973163154
1709000,262.658932001,177.273948887,0.0186973163154
1710000,251.646003377,311.083502675,0.0186973163154
1711000,247.513008293,231.589299451,0.0186973163154
1712000,251.831563896,297.503951994,0.0186973163154
1713000,264.630320429,239.383172668,0.0186973163154
1714000,256.519274102,375.631304355,0.0186973163154
1715000,264.782283711,252.254672057,0.0186973163154
1716000,264.521514658,278.661464289,0.0186973163154
1717000,245.185562985,365.220057313,0.0186973163154
1718000,262.365155561,317.561758903,0.0186973163154
1719000,257.835058163,294.121364213,0.0186973163154
1720000,265.593891115,355.934575415,0.0186973163154
1721000,250.90702325,274.473696944,0.0186973163154
1722000,239.722379006,273.356856144,0.0186973163154
1723000,254.782734131,265.791000116,0.0186973163154
1724000,258.57784975,362.284660059,0.0186973163154
1725000,247.036205008,279.962830586,0.0186973163154
1726000,256.494055205,194.424737468,0.0186973163154
1727000,270.22440435,208.98303332,0.0186973163154
1728000,252.347612282,358.348596201,0.0186973163154
1729000,244.599150438,345.765320653,0.0186973163154
1730000,248.816119742,153.260681405,0.0186973163154
1731000,250.596164135,315.179666851,0.0186973163154
1732000,256.395779502,186.29399464,0.0186973163154
1733000,260.777446436,347.298082638,0.0186973163154
1734000,252.133118098,225.222707596,0.0186973163154
1735000,243.493417308,273.188599699,0.0186973163154
1736000,241.155057924,307.732489257,0.0186973163154
1737000,237.674675456,344.573042303,0.0186973163154
1738000,289.351126876,357.258709803,0.0186973163154
1739000,245.818464576,286.233999265,0.0186973163154
1740000,256.320856486,291.759430716,0.0186973163154
1741000,254.691792213,397.286228594,0.0186973163154
1742000,256.437835163,308.143532994,0.0186973163154
1743000,243.124281681,355.566161893,0.0186973163154
1744000,239.665594291,302.8463248,0.0186973163154
1745000,246.723647869,230.235319601,0.0186973163154
1746000,243.195054914,293.934387711,0.0186973163154
1747000,241.964492859,472.394415997,0.0186973163154
1748000,257.932275991,436.268259333,0.0186973163154
1749000,258.258874835,337.346581689,0.0186973163154
1750000,249.164936516,161.050665697,0.0186973163154
1751000,254.410318246,257.969181597,0.0186973163154
1752000,246.094631727,253.090153438,0.0186973163154
1753000,262.606805271,284.489011788,0.0186973163154
1754000,269.056346718,380.057940355,0.0186973163154
1755000,252.140000268,287.524388946,0.0186973163154
1756000,263.40047388,338.302954289,0.0186973163154
1757000,265.114741705,340.811660411,0.0186973163154
1758000,268.159265312,234.081160997,0.0186973163154
1759000,241.768371159,239.691028746,0.0186973163154
1760000,257.571459051,269.290199029,0.0186973163154
1761000,269.332219318,252.81539045,0.0186973163154
1762000,270.534142034,450.246972808,0.0186973163154
1763000,254.471716373,415.337765537,0.0186973163154
1764000,259.146302781,291.618160901,0.0186973163154
1765000,247.067482736,287.526845553,0.0186973163154
1766000,257.302858126,305.704488291,0.0186973163154
1767000,256.212523589,267.254899272,0.0186973163154
1768000,258.353987509,307.48920679,0.0186973163154
1769000,240.801636632,280.373428164,0.0186973163154
1770000,263.463739843,348.877721603,0.0186973163154
1771000,262.64232426,271.19039579,0.0186973163154
1772000,253.305227414,317.006598457,0.0186973163154
1773000,265.540267896,233.379388471,0.0186973163154
1774000,235.688738623,283.36763798,0.0186973163154
1775000,252.58732697,315.531530652,0.0186973163154
1776000,251.042058455,283.293295027,0.0186973163154
1777000,256.836996594,280.534876355,0.0186973163154
1778000,242.774190354,266.170723585,0.0186973163154
1779000,237.743865991,285.166496603,0.0186973163154
1780000,246.665088286,285.651209384,0.0186973163154
1781000,251.817588511,349.724094469,0.0186973163154
1782000,247.921716507,327.400165071,0.0186973163154
1783000,246.958645785,310.522807354,0.0186973163154
1784000,250.823512366,328.744873271,0.0186973163154
1785000,248.258645332,260.825132823,0.0186973163154
1786000,246.408252173,229.985677864,0.0186973163154
1787000,238.530456864,227.162230415,0.0186973163154
1788000,258.652919211,319.1776526,0.0186973163154
1789000,250.425437074,304.183966956,0.0186973163154
1790000,260.589932538,381.050218066,0.0186973163154
1791000,259.488498917,249.056219244,0.0186973163154
1792000,237.229832396,274.891291827,0.0186973163154
1793000,239.361908521,344.548508386,0.0186973163154
1794000,263.509937018,288.218645185,0.0186973163154
1795000,239.433138122,301.593633816,0.0186973163154
1796000,248.660277106,261.64318195,0.0186973163154
1797000,257.965690959,267.590652441,0.0186973163154
1798000,253.898097542,260.292023142,0.0186973163154
1799000,251.013522326,380.099894371,0.0186973163154
1800000,236.613056961,320.339698445,0.0186973163154
1801000,258.684659202,265.437133982,0.0186973163154
1802000,251.493015652,324.055685943,0.0186973163154
1803000,253.066253189,315.095684327,0.0186973163154
1804000,267.125365827,309.974239493,0.0186973163154
1805000,283.059408953,356.912601557,0.0186973163154
1806000,282.298914349,302.803466271,0.0186973163154
1807000,249.661643214,200.860899774,0.0186973163154
1808000,243.691306026,254.747666208,0.0186973163154
1809000,251.186731261,196.561731147,0.0186973163154
1810000,255.583307026,216.359641596,0.0186973163154
1811000,254.063883639,315.543485613,0.0186973163154
1812000,241.967306076,299.47193026,0.0186973163154
1813000,258.777442701,271.090377597,0.0186973163154
1814000,262.203690641,414.570656844,0.0186973163154
1815000,271.192763313,370.373165877,0.0186973163154
1816000,265.202207199,291.866039424,0.0186973163154
1817000,267.145252836,264.297718188,0.0186973163154
1818000,243.871194807,262.563272318,0.0186973163154
1819000,262.179181621,395.531536965,0.0186973163154
1820000,254.217777837,269.326718506,0.0186973163154
1821000,260.56990234,225.830999532,0.0186973163154
1822000,264.22657368,263.542338773,0.0186973163154
1823000,255.470909682,204.230813005,0.0186973163154
1824000,252.551643411,174.501330284,0.0186973163154
1825000,283.819843633,334.879884211,0.0186973163154
1826000,267.596948401,216.239857907,0.0186973163154
1827000,253.798464966,234.061897818,0.0186973163154
1828000,256.495933987,293.378509928,0.0186973163154
1829000,252.333917292,271.312005407,0.0186973163154
1830000,245.996163402,319.249287641,0.0186973163154
1831000,250.757761028,246.609446314,0.0186973163154
1832000,252.027613781,314.027805965,0.0186973163154
1833000,247.627438904,258.600783386,0.0186973163154
1834000,256.673599503,287.247194752,0.0186973163154
1835000,254.819277672,369.321388472,0.0186973163154
1836000,253.64661082,336.347167829,0.0186973163154
1837000,243.633356996,183.959659669,0.0186973163154
1838000,255.753176543,202.31004769,0.0186973163154
1839000,243.813609442,314.701796877,0.0186973163154
1840000,258.706632218,294.937338711,0.0186973163154
1841000,235.613184473,243.505618149,0.0186973163154
1842000,241.7504282,316.130742527,0.0186973163154
1843000,277.100596005,320.671626486,0.0186973163154
1844000,263.614951388,202.414780467,0.0186973163154
1845000,249.762485409,266.023166682,0.0186973163154
1846000,261.458985612,241.639611324,0.0186973163154
1847000,245.913581098,249.26294223,0.0186973163154
1848000,243.589094538,252.409050457,0.0186973163154
1849000,249.186508668,237.432825738,0.0186973163154
1850000,246.758362849,261.884843213,0.0186973163154
1851000,255.783979116,298.193749727,0.0186973163154
1852000,262.709430567,235.192824101,0.0186973163154
1853000,261.271177771,299.167540417,0.0186973163154
1854000,245.136449804,352.639979803,0.0186973163154
1855000,246.044258396,337.333381946,0.0186973163154
1856000,291.698131354,339.782890627,0.0186973163154
1857000,266.502516192,276.768852471,0.0186973163154
1858000,258.607477822,313.528736711,0.0186973163154
1859000,257.043619373,336.928903252,0.0186973163154
1860000,268.744406375,313.219004764,0.0186973163154
1861000,256.747739821,367.377531161,0.0186973163154
1862000,261.768104478,372.698667479,0.0186973163154
1863000,270.84096828,188.100865197,0.0186973163154
1864000,250.195261075,274.692911994,0.0186973163154
1865000,256.18896937,290.083383172,0.0186973163154
1866000,250.470072043,300.179736561,0.0186973163154
1867000,243.622388784,391.021957234,0.0186973163154
1868000,275.215130418,198.671508583,0.0186973163154
1869000,265.044336333,350.043947534,0.0186973163154
1870000,267.957147058,350.154707402,0.0186973163154
1871000,243.685755342,255.656612348,0.0186973163154
1872000,238.312827908,217.943501384,0.0186973163154
1873000,250.76601738,237.060141995,0.0186973163154
1874000,264.394264225,292.415795209,0.0186973163154
1875000,241.346688915,347.903816975,0.0186973163154
1876000,249.606115037,234.957759852,0.0186973163154
1877000,244.122395423,317.811071001,0.0186973163154
1878000,263.607455978,280.850530051,0.0186973163154
1879000,256.554212243,463.791863818,0.0186973163154
1880000,258.081222384,199.273286906,0.0186973163154
1881000,269.42924667,193.280730442,0.0186973163154
1882000,262.441409149,320.100368943,0.0186973163154
1883000,243.877987772,280.517402365,0.0186973163154
1884000,274.282064932,410.762370833,0.0186973163154
1885000,267.359753016,287.146902899,0.0186973163154
1886000,273.12299745,235.301835597,0.0186973163154
1887000,271.683750695,380.736303548,0.0186973163154
1888000,243.548469361,482.117491446,0.0186973163154
1889000,243.384296339,371.382929458,0.0186973163154
1890000,250.927587803,415.939700897,0.0186973163154
1891000,266.786550806,219.734508012,0.0186973163154
1892000,261.394752269,240.873469158,0.0186973163154
1893000,252.184583361,223.698304354,0.0186973163154
1894000,250.199865889,247.133278995,0.0186973163154
1895000,253.21068358,306.305475023,0.0186973163154
1896000,253.354111321,389.537599702,0.0186973163154
1897000,261.583326253,314.135009128,0.0186973163154
1898000,256.143463357,145.017169798,0.0186973163154
1899000,247.974955722,379.741362044,0.0186973163154
1900000,252.099327114,334.38441124,0.0186973163154
1901000,265.877858475,243.692678871,0.0186973163154
1902000,274.502850863,246.049960071,0.0186973163154
1903000,244.594887518,366.148065907,0.0186973163154
1904000,248.051817583,359.85243824,0.0186973163154
1905000,243.904246506,334.179071737,0.0186973163154
1906000,262.454291479,263.805363127,0.0186973163154
1907000,264.918594085,253.853678098,0.0186973163154
1908000,265.748219977,283.065734096,0.0186973163154
1909000,243.705672747,268.996096718,0.0186973163154
1910000,252.696197189,269.064434748,0.0186973163154
1911000,259.096662408,229.875709029,0.0186973163154
1912000,259.227311572,265.682190207,0.0186973163154
1913000,243.295602151,351.986665163,0.0186973163154
1914000,259.045435234,303.125992329,0.0186973163154
1915000,242.55590318,271.62838989,0.0186973163154
1916000,279.63583487,354.721269181,0.0186973163154
1917000,262.678709638,351.953583334,0.0186973163154
1918000,251.061784737,465.698871705,0.0186973163154
1919000,260.40090956,271.452575402,0.0186973163154
1920000,249.201613387,254.588829304,0.0186973163154
1921000,252.792524898,321.952469389,0.0186973163154
1922000,248.038172414,377.025698317,0.0186973163154
1923000,242.655360136,369.84981901,0.0186973163154
1924000,240.523475933,276.101551292,0.0186973163154
1925000,259.301725057,297.471638753,0.0186973163154
1926000,249.617827312,386.203661019,0.0186973163154
1927000,250.409823094,337.209941143,0.0186973163154
1928000,252.081351127,300.840045344,0.0186973163154
1929000,245.657042673,316.258825182,0.0186973163154
1930000,260.573158333,305.089697051,0.0186973163154
1931000,269.375465295,278.541767089,0.0186973163154
1932000,257.580663519,259.170305464,0.0186973163154
1933000,245.112530291,193.78510674,0.0186973163154
1934000,268.978049183,331.036907003,0.0186973163154
1935000,259.472982787,304.797769449,0.0186973163154
1936000,267.527380604,287.057570222,0.0186973163154
1937000,242.658706879,437.968105367,0.0186973163154
1938000,258.325114874,235.056026151,0.0186973163154
1939000,259.128217829,217.101943782,0.0186973163154
1940000,246.20804837,269.815625751,0.0186973163154
1941000,249.514447728,303.86879757,0.0186973163154
1942000,256.64267437,435.931196845,0.0186973163154
1943000,264.657875484,294.977586919,0.0186973163154
1944000,257.588297007,344.873359224,0.0186973163154
1945000,267.977532575,193.550769875,0.0186973163154
1946000,252.730883303,302.657054529,0.0186973163154
1947000,255.418144869,340.657318326,0.0186973163154
1948000,262.505965168,319.883677989,0.0186973163154
1949000,251.016948321,268.552137307,0.0186973163154
1950000,270.201383601,297.859706226,0.0186973163154
1951000,252.436086642,296.458487462,0.0186973163154
1952000,257.299465415,301.501331897,0.0186973163154
1953000,286.903711879,344.754743192,0.0186973163154
1954000,251.019434909,316.687654672,0.0186973163154
1955000,257.173034957,198.826861845,0.0186973163154
1956000,250.008153393,208.884185153,0.0186973163154
1957000,243.93233514,423.637104089,0.0186973163154
1958000,263.066115673,251.182243576,0.0186973163154
1959000,262.148626979,253.522355448,0.0186973163154
1960000,260.025522617,262.608040884,0.0186973163154
1961000,248.035737524,231.984337681,0.0186973163154
1962000,252.346379049,246.403141182,0.0186973163154
1963000,235.466411213,287.521343088,0.0186973163154
1964000,250.905886219,250.840285246,0.0186973163154
1965000,263.650202011,270.845739634,0.0186973163154
1966000,247.272147029,282.590450302,0.0186973163154
1967000,261.949244425,364.982452135,0.0186973163154
1968000,248.873047878,245.984932865,0.0186973163154
1969000,255.056208611,366.748270911,0.0186973163154
1970000,261.10417982,222.016268594,0.0186973163154
1971000,254.769899263,293.017851451,0.0186973163154
1972000,249.650765395,220.613557404,0.0186973163154
1973000,254.569409266,238.073293449,0.0186973163154
1974000,248.519642984,290.680815916,0.0186973163154
1975000,240.799895481,246.080413022,0.0186973163154
1976000,250.216172077,351.840195073,0.0186973163154
1977000,253.921109882,223.172700627,0.0186973163154
1978000,261.285272032,366.89046151,0.0186973163154
1979000,243.315787378,261.594119769,0.0186973163154
1980000,245.49585246,220.996056435,0.0186973163154
1981000,249.804961575,198.426891106,0.0186973163154
1982000,275.733836838,251.199347147,0.0186973163154
1983000,263.044089193,237.470595736,0.0186973163154
1984000,260.317101248,216.688532152,0.0186973163154
1985000,243.606749372,313.757336572,0.0186973163154
1986000,256.695628589,219.6052267,0.0186973163154
1987000,245.672262682,288.999371142,0.0186973163154
1988000,246.177421579,375.133244223,0.0186973163154
1989000,249.839060757,275.013549348,0.0186973163154
1990000,266.393870138,237.38869407,0.0186973163154
1991000,246.433846058,322.95130278,0.0186973163154
1992000,258.721862798,317.579348439,0.0186973163154
1993000,242.748466929,334.775666765,0.0186973163154
1994000,257.594934811,313.921592296,0.0186973163154
1995000,244.120602793,311.286629821,0.0186973163154
1996000,252.591260867,289.684408105,0.0186973163154
1997000,256.249244061,264.188208781,0.0186973163154
1998000,246.330322334,234.822334977,0.0186973163154
1999000,244.755944598,261.521614233,0.0186973163154
2000000,270.065943217,254.701619887,0.0186973163154
